0
1
2
3
4
5
6
7
8
9
10
11
12
13
14
15
16
17
18
19
20
21
22
23
24
25
26
27
28
29
30
31
32
33
34
35
36
37
38
39
40
41
42
43
44
45
46
47
48
49
50
51
52
53
54
55
56
57
58
59
60
61
62
63
64
65
66
67
68
69
70
71
72
73
74
75
76
77
78
79
80
81
82
83
84
85
86
87
88
89
90
91
92
93
94
95
96
97
98
99
100
101
102
103
104
105
106
107
108
109
110
111
112
113
114
115
116
117
118
119
120
121
122
123
124
125
126
127
128
129
130
131
132
133
134
135
136
137
138
139
140
141
142
143
144
145
146
147
148
149
150
151
152
153
154
155
156
157
158
159
160
161
162
163
164
165
166
167
168
169
170
171
172
173
174
175
176
177
178
179
180
181
182
183
184
185
186
187
188
189
190
191
192
193
194
195
196
197
198
199
200
201
202
203
204
205
206
207
208
209
210
211
212
213
214
215
216
217
218
219
220
221
222
223
224
225
226
227
228
229
230
231
232
233
234
235
236
237
238
239
240
241
242
243
244
245
246
247
248
249
250
251
252
253
254
255
256
257
258
259
260
261
262
263
264
265
266
267
268
269
270
271
272
273
274
275
276
277
278
279
280
281
282
283
284
285
286
287
288
289
290
291
292
293
294
295
296
297
298
299
300
301
302
303
304
305
306
307
308
309
310
311
312
313
314
315
316
317
318
319
320
321
322
323
324
325
326
327
328
329
330
331
332
333
334
335
336
337
338
339
340
341
342
343
344
345
346
347
348
349
350
351
352
353
354
355
356
357
358
359
360
361
362
363
364
365
366
367
368
369
370
371
372
373
374
375
376
377
378
379
380
381
382
383
384
385
386
387
388
389
390
391
392
393
394
395
396
397
398
399
400
401
402
403
404
405
406
407
408
409
410
411
412
413
414
415
416
417
418
419
420
421
422
423
424
425
426
427
428
429
430
431
432
433
434
435
436
437
438
439
440
441
442
443
444
445
446
447
448
449
450
451
452
453
454
455
456
457
458
459
460
461
462
463
464
465
466
467
468
469
470
471
472
473
474
475
476
477
478
479
480
481
482
483
484
485
486
487
488
489
490
491
492
493
494
495
496
497
498
499
500
501
502
503
504
505
506
507
508
509
510
511
512
513
514
515
516
517
518
519
520
521
522
523
524
525
526
527
528
529
530
531
532
533
534
535
536
537
538
539
540
541
542
543
544
545
546
547
548
549
550
551
552
553
554
555
556
557
558
559
560
561
562
563
564
565
566
567
568
569
570
571
572
573
574
575
576
577
578
579
580
581
582
583
584
585
586
587
588
589
590
591
592
593
594
595
596
597
598
599
600
601
602
603
604
605
606
607
608
609
610
611
612
613
614
615
616
617
618
619
620
621
622
623
624
625
626
627
628
629
630
631
632
633
634
635
636
637
638
639
640
641
642
643
644
645
646
647
648
649
650
651
652
653
654
655
656
657
658
659
660
661
662
663
664
665
666
667
668
669
670
671
672
673
674
675
676
677
678
679
680
681
682
683
684
685
686
687
688
689
690
691
692
693
694
695
696
697
698
699
700
701
702
703
704
705
706
707
708
709
710
711
712
713
714
715
716
717
718
719
720
721
722
723
724
725
726
727
728
729
730
731
732
733
734
735
736
737
738
739
740
741
742
743
744
745
746
747
748
749
750
751
752
753
754
755
756
757
758
759
760
761
762
763
764
765
766
767
768
769
770
771
772
773
774
775
776
777
778
779
780
781
782
783
784
785
786
787
788
789
790
791
792
793
794
795
796
797
798
799
800
801
802
803
804
805
806
807
808
809
810
811
812
813
814
815
816
817
818
819
820
821
822
823
824
825
826
827
828
829
830
831
832
833
834
835
836
837
838
839
840
841
842
843
844
845
846
847
848
849
850
851
852
853
854
855
856
857
858
859
860
861
862
863
864
865
866
867
868
869
870
871
872
873
874
875
876
877
878
879
880
881
882
883
884
885
886
887
888
889
890
891
892
893
894
895
896
897
898
899
900
901
902
903
904
905
906
907
908
909
910
911
912
913
914
915
916
917
918
919
920
921
922
923
924
925
926
927
928
929
930
931
932
933
934
935
936
937
938
939
940
941
942
943
944
945
946
947
948
949
950
951
952
953
954
955
956
957
958
959
960
961
962
963
964
965
966
967
968
969
970
971
972
973
974
975
976
977
978
979
980
981
982
983
984
985
986
987
988
989
990
991
992
993
994
995
996
997
998
999
1000
1001
1002
1003
1004
1005
1006
1007
1008
1009
1010
1011
1012
1013
1014
1015
1016
1017
1018
1019
1020
1021
1022
1023
1024
1025
1026
1027
1028
1029
1030
1031
1032
1033
1034
1035
1036
1037
1038
1039
1040
1041
1042
1043
1044
1045
1046
1047
1048
1049
1050
1051
1052
1053
1054
1055
1056
1057
1058
1059
1060
1061
1062
1063
1064
1065
1066
1067
1068
1069
1070
1071
1072
1073
1074
1075
1076
1077
1078
1079
1080
1081
1082
1083
1084
1085
1086
1087
1088
1089
1090
1091
1092
1093
1094
1095
1096
1097
1098
1099
1100
1101
1102
1103
1104
1105
1106
1107
1108
1109
1110
1111
1112
1113
1114
1115
1116
1117
1118
1119
1120
1121
1122
1123
1124
1125
1126
1127
1128
1129
1130
1131
1132
1133
1134
1135
1136
1137
1138
1139
1140
1141
1142
1143
1144
1145
1146
1147
1148
1149
1150
1151
1152
1153
1154
1155
1156
1157
1158
1159
1160
1161
1162
1163
1164
1165
1166
1167
1168
1169
1170
1171
1172
1173
1174
1175
1176
1177
1178
1179
1180
1181
1182
1183
1184
1185
1186
1187
1188
1189
1190
1191
1192
1193
1194
1195
1196
1197
1198
1199
1200
1201
1202
1203
1204
1205
1206
1207
1208
1209
1210
1211
1212
1213
1214
1215
1216
1217
1218
1219
1220
1221
1222
1223
1224
1225
1226
1227
1228
1229
1230
1231
1232
1233
1234
1235
1236
1237
1238
1239
1240
1241
1242
1243
1244
1245
1246
1247
1248
1249
1250
1251
1252
1253
1254
1255
1256
1257
1258
1259
1260
1261
1262
1263
1264
1265
1266
1267
1268
1269
1270
1271
1272
1273
1274
1275
1276
1277
1278
1279
1280
1281
1282
1283
1284
1285
1286
1287
1288
1289
1290
1291
1292
1293
1294
1295
1296
1297
1298
1299
1300
1301
1302
1303
1304
1305
1306
1307
1308
1309
1310
1311
1312
1313
1314
1315
1316
1317
1318
1319
1320
1321
1322
1323
1324
1325
1326
1327
1328
1329
1330
1331
1332
1333
1334
1335
1336
1337
1338
1339
1340
1341
1342
1343
1344
1345
1346
1347
1348
1349
1350
1351
1352
1353
1354
1355
1356
1357
1358
1359
1360
1361
1362
1363
1364
1365
1366
1367
1368
1369
1370
1371
1372
1373
1374
1375
1376
1377
1378
1379
1380
1381
1382
1383
1384
1385
1386
1387
1388
1389
1390
1391
1392
1393
1394
1395
1396
1397
1398
1399
1400
1401
1402
1403
1404
1405
1406
1407
1408
1409
1410
1411
1412
1413
1414
1415
1416
1417
1418
1419
1420
1421
1422
1423
1424
1425
1426
1427
1428
1429
1430
1431
1432
1433
1434
1435
1436
1437
1438
1439
1440
1441
1442
1443
1444
1445
1446
1447
1448
1449
1450
1451
1452
1453
1454
1455
1456
1457
1458
1459
1460
1461
1462
1463
1464
1465
1466
1467
1468
1469
1470
1471
1472
1473
1474
1475
1476
1477
1478
1479
1480
1481
1482
1483
1484
1485
1486
1487
1488
1489
1490
1491
1492
1493
1494
1495
1496
1497
1498
1499
0 968 4.2
0 425 0.9
0 478 4.5
0 874 0.3
0 1135 2.4
0 1118 2.8
0 1036 1.9
0 1396 3.8
0 951 2.4
1 712 1.8
1 857 0.0
1 1211 0.7
1 1461 4.1
1 603 1.6
1 397 0.2
1 842 4.4
1 704 2.4
1 1077 4.0
1 217 2.3
2 1106 2.5
2 1261 1.5
2 157 3.7
2 489 1.9
2 377 1.3
2 1099 1.1
2 812 2.6
2 1408 0.7
3 524 4.9
3 833 1.4
3 40 0.7
3 706 3.3
3 1431 3.6
3 290 3.9
3 413 4.3
4 271 1.1
4 185 3.3
4 244 1.6
4 542 3.3
4 821 0.7
4 1247 2.6
4 1194 4.0
4 706 3.5
5 906 2.8
5 477 2.4
5 261 3.1
5 1088 0.3
5 559 2.2
5 1168 2.6
5 1443 3.1
6 376 3.3
6 8 4.1
6 222 2.1
6 1261 2.4
6 238 2.7
6 549 1.0
7 135 4.7
7 249 3.7
7 260 1.3
7 1117 4.6
8 804 1.4
8 972 3.2
8 389 3.8
8 1487 4.5
9 1262 4.9
9 752 4.1
9 1286 4.5
9 71 4.4
9 756 1.2
9 760 1.0
9 315 2.7
10 784 3.9
10 1398 2.3
10 1094 3.8
10 1003 4.4
10 1148 1.9
10 398 3.5
10 959 3.3
10 1006 3.6
10 94 2.8
11 1389 4.5
11 178 2.6
11 633 2.2
11 502 3.0
11 432 5.0
11 1246 1.8
11 1288 2.2
11 352 1.6
11 778 2.2
12 1452 1.4
12 1327 0.3
12 71 0.5
12 180 3.7
13 415 1.3
13 1284 2.8
13 329 1.9
13 1336 0.9
13 1179 4.8
13 1323 0.4
13 616 2.1
13 472 4.2
13 1420 0.1
14 1029 0.4
14 1271 0.9
14 1105 2.5
15 243 3.6
15 679 0.8
15 357 2.2
15 803 1.8
15 770 1.1
15 364 4.4
15 385 4.4
15 657 0.6
16 21 0.9
16 71 0.7
16 481 2.8
17 653 3.8
17 1303 2.8
17 641 4.2
17 1463 2.4
17 1271 4.0
17 1443 2.7
17 696 3.7
18 1019 4.4
18 513 0.9
18 449 4.2
18 61 3.4
18 1306 1.0
18 1440 3.5
18 944 2.6
19 736 2.0
19 1354 2.3
19 1337 3.7
19 1271 3.7
19 809 2.0
19 522 4.3
19 733 0.4
20 1420 1.8
20 613 3.8
21 1120 3.4
21 259 3.9
21 1010 2.9
22 43 3.9
22 1294 3.5
22 182 3.4
22 1427 1.7
22 720 2.8
22 942 2.2
22 879 1.9
22 660 3.2
22 485 4.4
23 520 4.6
23 961 0.5
23 1229 4.2
23 376 0.1
23 757 3.6
24 96 2.2
24 210 4.6
24 789 4.6
25 279 3.0
25 1023 4.5
25 57 4.9
26 904 1.4
26 1396 1.4
26 548 4.2
27 1224 4.4
27 180 4.7
27 1433 2.2
27 811 2.5
27 33 1.9
27 909 2.0
27 672 1.8
27 980 4.2
27 349 3.0
28 383 0.1
28 586 2.8
28 216 3.1
28 367 4.1
28 695 1.9
28 618 4.0
29 954 1.2
29 155 3.4
29 588 1.5
30 1269 3.6
30 271 4.0
30 809 4.1
31 1254 1.5
31 236 2.3
31 913 4.8
31 943 0.1
31 442 4.7
32 627 3.1
32 50 3.6
32 332 0.2
32 957 1.0
32 1468 0.2
32 521 1.1
32 1355 1.7
32 1428 3.4
32 1119 3.0
33 291 3.0
34 762 2.2
34 779 0.9
34 1136 1.4
34 1413 4.5
34 344 3.5
34 1239 3.4
34 964 4.0
34 662 0.5
34 647 0.4
35 1248 3.5
35 220 0.7
35 508 3.8
35 787 3.8
36 863 4.4
36 597 3.6
36 429 4.5
36 1263 4.5
36 1073 4.4
36 359 1.4
36 902 1.6
36 632 0.0
37 1259 1.3
37 230 4.6
37 418 1.6
37 1115 0.5
37 986 0.9
37 90 3.4
38 1493 3.8
38 1117 3.4
38 128 2.9
38 240 1.2
38 1469 0.6
38 592 1.8
38 1457 3.4
39 750 1.0
39 1242 2.6
39 1425 0.3
39 880 4.3
39 476 4.1
40 1111 1.6
40 385 2.7
40 495 0.8
40 1463 2.6
40 1468 1.4
40 960 3.5
40 404 0.3
40 784 3.7
40 358 4.0
40 1439 0.0
40 964 4.9
41 1176 0.7
41 949 0.2
41 965 3.0
41 196 0.1
41 801 1.0
41 1485 1.7
41 309 0.1
41 444 4.0
41 1025 1.2
41 1125 1.5
41 1053 4.3
41 106 1.9
41 657 4.8
41 317 4.4
41 915 4.6
42 373 0.1
42 1162 0.1
42 1069 4.7
42 740 4.3
43 1079 3.5
43 52 1.7
43 460 2.5
43 45 4.8
43 248 4.6
43 444 0.6
44 1265 4.9
44 757 1.0
44 348 0.7
44 812 4.6
44 787 2.7
44 195 3.4
44 241 3.3
45 1431 3.2
45 579 2.8
45 1385 0.7
45 1010 1.7
45 138 0.2
45 418 3.4
46 1319 2.0
46 788 1.9
46 1337 2.9
46 1097 1.5
46 619 4.5
46 1077 2.4
46 399 4.5
46 843 3.3
46 992 0.4
46 473 3.7
46 1181 4.0
47 690 0.4
47 965 0.2
47 1309 3.3
47 1180 3.0
47 1311 2.7
48 100 2.4
48 1333 2.8
48 1466 4.2
48 719 4.9
48 1447 1.1
48 822 3.3
48 952 0.8
49 1384 4.9
49 351 1.2
49 1216 4.4
49 505 0.2
49 1430 4.0
49 69 2.7
49 580 0.5
50 365 3.6
50 1152 1.0
50 1282 3.2
50 1482 1.2
51 264 0.6
51 840 4.9
51 210 0.2
51 1017 0.8
51 475 4.6
51 317 0.5
51 1369 2.1
51 557 4.0
52 1058 2.5
52 1454 3.1
52 1030 1.6
52 751 0.7
53 995 3.7
53 671 2.2
53 682 4.9
53 249 3.7
53 481 2.2
54 981 2.7
54 779 3.8
54 1172 2.4
54 875 0.4
54 1313 3.9
54 95 5.0
54 481 2.8
54 56 4.1
55 1259 1.0
55 598 0.3
55 725 2.3
55 229 2.8
55 354 2.8
56 978 4.7
56 654 2.5
56 1263 4.1
56 567 1.6
56 527 1.7
56 159 0.9
56 1306 0.7
56 1488 3.6
56 508 4.3
56 1204 2.4
57 1151 1.2
57 135 0.9
57 285 4.5
57 1414 3.3
57 816 4.2
57 1199 2.7
58 1455 1.2
58 318 0.2
58 86 0.3
58 1431 2.1
58 769 2.1
58 1498 3.0
58 1499 0.3
58 71 0.1
58 765 1.0
58 825 4.2
58 425 0.6
59 1331 3.5
59 253 3.8
59 156 2.2
59 354 0.8
59 885 3.6
59 1116 3.4
60 1467 5.0
60 75 4.5
60 1431 3.6
60 1089 4.6
60 923 4.4
60 167 4.5
61 68 0.1
61 242 3.1
61 491 2.9
61 468 2.2
61 322 5.0
61 120 1.6
61 647 4.4
61 191 2.4
61 617 1.8
62 1018 2.7
62 1060 2.6
62 630 1.1
62 1276 4.3
62 1451 3.4
63 1475 1.2
63 1063 1.5
63 777 4.3
63 1344 1.2
63 986 4.6
64 121 3.7
64 632 1.3
64 202 3.5
64 255 3.9
64 599 0.3
64 1221 1.6
64 696 2.8
64 1146 1.5
64 362 2.7
64 516 3.5
64 747 1.0
65 1463 3.4
65 979 3.8
65 651 4.7
65 530 0.1
65 1224 1.6
65 862 2.8
65 828 2.0
66 442 3.3
66 1438 1.7
66 247 1.1
66 652 1.1
66 1399 1.4
66 526 2.4
66 829 1.2
67 119 0.6
67 917 1.1
67 643 0.9
68 1215 2.8
68 195 3.0
68 292 1.9
68 1310 3.1
69 1063 2.5
69 1479 4.9
69 500 0.8
69 1155 1.6
69 797 2.5
69 1245 0.1
69 208 2.8
70 1174 4.1
70 454 2.3
70 1289 4.8
70 1112 1.0
71 172 4.4
71 1198 2.4
71 675 2.7
71 347 3.3
71 1061 1.9
71 497 0.1
71 553 2.5
71 241 4.6
71 568 1.8
72 548 4.8
72 364 1.6
72 1343 1.0
72 1164 2.9
72 460 0.5
72 520 1.7
73 1251 4.1
73 1230 3.3
73 148 4.6
73 1023 4.1
73 427 1.9
73 643 0.7
73 776 4.7
73 433 2.2
74 199 3.8
74 914 4.8
74 276 4.4
74 892 1.7
74 184 1.2
74 171 3.2
74 1011 1.6
74 1041 3.8
75 207 1.2
75 1084 2.7
75 330 2.7
75 1433 3.0
75 646 2.6
75 682 3.7
75 940 2.4
75 1256 3.2
76 1169 4.7
76 1111 3.1
76 1417 4.2
76 274 1.1
76 183 2.2
77 790 0.7
77 1389 1.9
77 717 4.0
78 272 0.2
78 679 1.4
78 961 5.0
78 1220 2.1
78 813 1.1
79 938 2.5
79 1163 4.4
79 1269 1.2
79 933 1.0
80 199 0.9
80 1477 4.2
80 105 0.3
80 316 1.6
80 543 0.7
80 1303 4.7
80 791 0.6
81 372 1.8
81 1356 0.6
81 91 4.3
81 791 1.6
81 1064 1.1
81 577 2.0
82 110 2.2
82 924 2.0
82 182 0.3
82 749 3.2
83 1172 3.5
83 1324 2.8
84 264 0.4
84 626 4.5
84 543 1.4
84 721 1.5
84 1434 2.5
84 217 3.7
84 759 4.2
84 201 3.5
85 1344 3.7
85 229 4.1
85 500 3.8
85 1061 4.4
85 348 3.4
85 675 0.2
86 1082 3.3
86 1395 2.1
86 879 2.7
86 1388 3.6
86 1197 3.6
86 164 1.3
86 904 0.4
87 674 1.4
87 728 1.0
87 153 4.8
87 1333 1.5
87 656 4.0
87 1121 1.5
87 1143 2.2
87 1066 3.4
87 1264 2.0
88 142 0.9
88 210 0.3
88 470 3.4
88 1167 3.6
89 834 4.5
89 584 1.7
89 272 3.2
90 1319 3.1
90 941 1.0
90 778 4.3
90 1426 4.8
90 878 0.7
91 370 0.5
91 108 2.7
91 335 4.0
91 209 3.5
92 1008 4.3
92 314 1.9
92 119 3.0
92 519 0.7
92 1184 1.1
92 1001 1.6
92 1264 3.5
92 1159 2.0
92 598 0.0
93 930 2.5
93 713 1.7
93 1456 2.2
93 839 4.2
93 547 3.4
93 389 4.7
93 1149 4.8
94 115 1.9
94 1350 1.3
94 202 2.9
94 676 2.5
94 1291 2.4
94 1063 0.2
95 1110 1.0
95 971 1.3
95 1202 3.6
95 1346 1.7
95 786 0.7
95 624 0.4
95 356 1.8
95 1374 2.7
95 616 3.8
96 1156 1.1
96 616 2.8
96 330 3.6
96 1201 4.1
97 120 1.0
97 700 2.1
97 398 3.9
97 1429 3.7
97 624 3.7
97 880 0.5
97 585 0.0
98 1360 2.7
98 1470 4.3
98 858 1.2
98 954 0.3
98 766 2.0
98 224 3.0
98 1204 3.0
98 442 1.1
98 1391 2.7
99 1025 2.9
99 206 1.4
99 762 0.1
99 575 1.2
99 793 0.7
99 832 0.6
99 1310 1.6
99 1150 4.1
99 450 4.0
99 485 4.0
100 105 3.4
100 873 0.6
101 585 4.8
101 378 2.2
101 1498 0.5
101 1196 1.3
101 1055 1.3
101 1464 2.4
101 781 3.0
101 1370 3.2
101 1466 1.3
101 354 2.0
101 245 1.3
101 1447 1.7
102 975 0.9
102 433 3.3
102 1041 3.0
102 417 2.8
102 249 1.8
103 781 2.2
103 1449 0.8
103 566 0.9
103 1310 0.6
103 985 3.0
103 1240 1.7
103 1392 1.2
104 990 0.3
104 1030 4.6
104 639 0.9
104 1079 1.5
104 393 3.8
104 1328 3.6
105 1031 0.5
105 508 0.1
105 1268 4.2
105 1091 3.2
106 646 3.3
106 579 2.2
106 588 4.9
106 128 3.9
106 1197 4.1
106 273 3.5
106 359 3.1
106 664 4.2
106 757 2.7
107 784 4.6
107 185 2.6
107 825 3.0
107 630 4.4
108 382 3.8
108 869 2.0
108 1088 1.9
109 1411 0.6
109 211 1.5
109 574 1.1
109 1334 4.1
110 335 4.5
110 479 2.4
110 234 2.2
110 446 2.1
110 1300 0.7
110 317 3.1
111 473 3.9
111 850 3.4
111 1260 4.5
111 1237 1.4
112 1398 2.0
112 818 0.7
112 1399 4.8
112 926 3.9
113 1208 4.1
113 1363 3.6
113 558 0.1
114 648 4.4
114 1384 1.9
114 676 3.7
114 478 3.5
115 1414 0.8
115 351 3.2
115 530 4.1
115 1000 0.5
115 506 2.7
115 1240 1.0
115 719 4.9
115 1224 3.8
116 256 2.0
116 528 2.7
116 1292 1.8
116 1243 1.3
116 311 4.0
117 1467 1.1
117 588 1.9
117 1139 1.0
117 567 1.3
117 456 3.6
117 351 4.4
117 990 4.2
117 353 3.4
118 1242 0.8
118 588 4.1
118 524 4.3
118 963 1.2
118 788 0.1
118 1460 2.3
118 994 1.9
118 357 4.3
118 1442 3.1
118 266 1.9
119 1482 3.2
119 1328 1.2
120 154 4.9
120 1092 1.1
120 1360 4.1
120 719 3.8
121 1130 4.3
121 203 3.1
121 1179 3.7
121 1461 1.0
122 1076 1.4
122 401 3.9
122 523 0.7
122 166 0.9
122 695 2.7
122 1185 0.4
122 492 2.9
122 332 0.3
122 1019 3.3
123 1150 3.6
123 329 2.8
123 1463 0.6
123 129 1.1
123 132 2.1
123 743 1.3
123 553 4.3
124 1264 0.8
124 1213 3.7
124 1487 0.2
124 1258 2.1
124 1217 3.1
124 970 1.6
124 374 0.2
124 1424 3.5
125 1001 0.9
125 946 2.0
125 451 0.3
125 1084 3.2
125 1342 1.0
125 1273 3.1
125 1201 4.2
126 843 1.2
126 353 4.3
126 400 4.2
126 1221 1.4
126 606 1.5
127 1025 4.0
127 1300 0.6
127 1077 2.4
127 1483 4.9
127 377 3.2
128 637 2.2
128 367 2.8
128 166 0.2
128 1008 4.1
128 1232 4.9
128 1073 0.6
129 781 2.2
129 466 3.3
129 1078 2.3
129 231 3.3
129 727 4.2
129 1364 0.3
129 1035 3.2
130 1084 0.3
130 534 3.1
130 880 1.5
130 875 4.1
130 452 0.4
130 315 4.0
131 718 4.4
131 1148 5.0
131 694 1.3
131 995 0.5
131 1160 4.3
132 1120 1.9
132 635 2.4
132 595 4.4
132 614 4.7
132 947 0.9
132 714 3.1
133 1169 3.1
133 724 2.9
133 1289 4.0
133 1017 3.8
134 1218 2.8
134 922 3.0
134 1316 4.7
134 957 4.2
135 1142 1.6
135 489 4.6
136 1366 3.1
136 498 2.7
136 1224 0.8
136 863 2.1
136 1142 0.2
136 964 3.4
137 230 1.2
137 172 4.5
137 1075 2.3
137 589 4.0
137 465 1.4
137 1275 4.2
138 816 2.8
138 281 1.6
138 996 4.8
138 1441 3.3
138 656 3.9
138 620 2.9
138 416 4.7
138 1106 0.6
139 920 0.0
139 860 3.5
139 1187 0.1
140 894 1.2
140 304 0.1
140 618 2.8
140 942 4.5
140 1350 0.4
140 173 4.8
140 1270 0.0
140 1012 3.4
140 916 4.1
141 1349 2.4
141 1122 3.4
141 1485 3.1
141 1247 3.3
141 1079 3.0
141 294 1.2
141 1171 2.4
142 1252 4.5
142 716 2.2
142 153 3.5
142 671 0.2
143 1056 1.4
143 1243 4.0
143 1200 3.6
144 1101 3.4
144 947 2.0
144 448 0.8
144 1145 2.7
144 1477 0.1
144 252 4.5
144 354 1.5
144 1027 3.1
145 1021 1.9
145 799 1.3
145 344 3.3
145 919 3.3
146 541 2.6
146 673 1.3
146 855 4.7
146 1178 2.6
147 1342 0.8
147 1424 4.1
148 981 2.9
148 372 0.1
148 358 1.0
148 939 2.4
148 505 1.0
148 1108 0.1
148 1137 0.1
149 911 4.4
149 1192 2.6
149 892 2.1
149 1257 1.2
149 471 1.7
149 459 2.0
149 940 3.8
150 315 3.0
150 191 4.1
150 1239 0.3
151 706 2.2
151 1382 3.7
151 466 2.3
151 1173 3.7
151 774 1.7
152 1013 2.9
152 724 0.9
152 923 2.8
152 738 4.2
152 549 2.3
152 204 3.9
153 398 2.6
153 1362 1.0
153 361 4.0
153 989 2.9
153 390 4.4
154 1115 0.9
154 644 4.5
154 885 1.4
154 600 0.5
154 315 5.0
154 745 4.5
154 523 3.6
154 779 0.2
155 1129 3.3
155 1082 1.2
155 637 4.7
155 631 1.0
155 527 1.7
155 787 0.4
155 1111 0.6
155 1329 2.0
155 1326 3.2
156 1378 0.5
156 1288 2.8
156 665 0.7
156 598 1.8
156 318 1.1
157 856 4.3
157 1407 3.0
157 633 2.8
157 1068 4.7
158 428 3.6
158 980 0.8
158 429 2.7
158 1308 4.9
158 769 4.4
159 814 0.0
159 965 1.3
159 576 1.6
159 1476 4.5
159 277 3.4
159 1324 4.1
159 720 4.3
159 1357 2.8
160 982 2.4
160 233 0.6
160 542 2.1
161 925 1.0
161 526 2.2
161 940 1.8
161 1327 3.3
162 1308 0.2
162 1162 2.2
162 881 3.1
162 920 1.2
163 1034 1.1
163 740 2.7
163 1091 2.9
164 940 4.7
164 587 0.1
164 634 1.5
164 1368 1.6
164 879 3.1
164 566 0.2
164 1077 2.6
164 227 3.6
164 554 3.2
165 1211 3.1
165 856 3.8
165 855 0.0
165 1414 2.8
165 1482 2.2
165 757 0.6
165 1419 4.3
165 1081 3.3
166 1051 1.1
166 1132 1.5
166 343 2.6
166 395 3.9
166 255 2.9
166 557 2.5
166 1358 0.2
166 639 1.6
167 451 2.8
167 1099 1.1
167 956 0.2
167 1071 4.3
167 752 1.6
167 368 0.6
167 1454 2.1
167 314 4.7
167 713 0.1
168 320 4.3
168 1276 2.1
168 759 3.5
169 1234 3.9
169 1120 4.6
169 542 0.7
169 1255 4.9
169 848 0.8
170 966 2.5
170 1350 4.3
170 319 4.0
170 1080 0.9
170 960 4.8
171 1363 2.1
171 1175 4.8
171 1042 0.2
171 1269 3.6
171 365 4.9
171 1010 0.5
171 942 0.7
172 668 4.9
172 913 4.6
172 1435 3.2
172 1403 3.9
172 854 0.2
172 907 3.8
172 964 0.5
173 842 1.3
173 189 0.1
173 547 3.8
174 1124 3.9
174 685 3.3
174 1076 4.7
174 222 4.5
174 201 4.6
174 346 1.6
175 770 2.7
176 1164 1.4
176 184 5.0
176 1095 1.7
177 853 3.8
177 308 0.5
177 1163 0.7
177 1255 2.8
177 1138 3.9
177 1391 1.5
177 626 4.8
177 540 2.8
177 1287 3.2
178 948 4.5
178 577 4.4
178 1203 2.4
178 1023 2.8
178 652 3.0
178 562 1.1
179 508 2.5
179 1291 2.7
179 1270 0.5
179 802 1.4
180 626 0.3
180 1455 4.4
180 260 2.2
180 490 1.4
181 1417 3.9
181 1387 3.2
181 905 4.7
181 226 1.9
181 1219 4.6
181 481 2.4
181 1087 1.0
182 586 4.4
182 517 1.4
182 189 1.5
182 736 2.8
182 627 4.5
182 1276 0.2
182 1373 1.0
183 1178 4.2
183 852 2.2
183 899 4.2
183 1235 1.0
183 798 4.1
183 632 4.2
184 1414 2.9
184 1252 1.5
184 740 3.3
185 446 3.4
185 1093 4.8
185 1037 0.9
185 1128 4.0
185 779 4.5
185 1143 1.5
185 1368 2.5
186 1349 2.5
186 437 3.9
186 1168 1.2
186 361 2.5
186 650 2.6
186 1354 4.7
186 718 3.2
186 1235 3.0
186 1380 3.9
187 638 2.0
187 301 2.4
187 450 1.1
187 1294 0.9
187 387 0.9
188 365 3.8
188 549 4.8
188 428 0.5
188 244 1.7
189 1341 0.0
189 543 4.9
189 1179 1.1
189 244 2.6
189 1248 0.5
189 558 4.8
190 1346 2.7
190 1115 0.3
190 989 3.0
191 877 1.3
191 441 0.7
191 765 4.4
191 783 2.5
191 1463 0.9
192 833 3.3
192 436 0.7
192 1458 4.8
192 1325 4.1
192 925 2.0
192 1313 0.8
193 272 0.8
193 448 2.8
193 914 2.1
193 562 1.4
193 374 0.8
193 601 2.0
193 1011 4.2
193 1422 1.9
194 692 3.7
194 328 1.1
194 747 1.4
194 1368 2.4
194 1088 3.1
194 1077 4.5
194 780 1.3
194 597 0.8
194 1175 4.6
194 430 4.2
194 1078 2.9
194 217 2.5
194 1216 4.5
195 1145 4.1
195 212 2.6
195 291 3.0
195 1306 2.1
195 1408 0.4
195 465 0.3
195 1350 3.4
195 856 4.2
196 343 4.0
196 785 4.6
196 1418 2.6
196 1142 4.7
196 283 2.4
196 1440 0.3
197 808 1.0
197 651 0.4
198 1378 3.0
198 1058 0.2
198 1321 0.0
198 252 0.0
199 1495 2.2
199 1339 3.1
199 456 3.8
199 1383 4.2
199 381 1.0
200 1114 4.1
200 292 3.5
200 1486 3.3
200 1210 2.8
200 1207 4.1
201 694 2.8
201 1175 1.2
202 1066 1.4
202 1035 0.6
202 556 4.2
202 475 0.3
202 722 2.7
202 987 1.0
203 248 3.5
203 940 0.7
204 1140 2.0
204 1464 3.4
204 582 1.4
204 717 0.3
204 1298 1.0
204 640 2.9
204 454 3.4
204 931 4.7
204 299 4.6
204 369 2.6
204 1092 2.0
205 998 3.4
205 1035 4.3
205 408 0.6
205 1132 4.0
205 460 2.7
205 960 1.9
205 877 3.5
206 740 4.5
206 440 1.5
206 1013 0.5
206 1212 3.8
206 260 4.7
207 994 2.5
207 1161 1.7
207 1134 1.0
207 881 2.9
207 536 2.9
207 961 2.7
208 751 4.3
208 1342 0.4
209 902 4.4
209 435 0.3
209 343 0.4
209 711 2.1
209 935 3.8
210 543 2.4
210 1170 3.2
210 1496 4.5
210 1177 4.4
210 711 2.4
210 1303 1.1
210 1365 1.8
210 249 4.3
210 439 2.6
210 990 3.2
211 368 0.3
211 1369 4.9
211 520 2.1
211 412 2.7
211 1098 3.5
212 445 1.2
212 835 3.9
212 1373 0.0
212 299 0.0
212 580 1.9
212 1322 3.4
212 584 2.3
213 763 3.0
213 984 2.3
213 582 4.2
213 1368 2.0
213 691 2.9
213 414 2.8
213 802 0.2
213 712 3.8
213 1099 0.5
213 919 0.3
213 890 3.9
213 887 2.6
214 1273 4.1
214 1353 1.7
214 352 0.5
214 311 3.0
214 1243 3.4
214 550 4.6
214 950 1.9
215 1202 5.0
215 955 0.4
216 297 1.7
216 1437 2.0
216 1062 3.4
216 1158 1.4
217 236 1.7
217 889 3.1
218 879 1.5
218 263 4.2
218 1003 4.4
218 582 3.5
218 1161 3.0
218 764 3.0
218 650 4.1
218 811 1.1
218 1063 4.1
219 279 0.2
219 1303 2.3
219 1117 2.4
219 234 3.5
219 1267 0.7
219 987 3.5
220 286 3.9
220 673 2.6
220 668 4.4
220 1034 1.4
220 621 0.2
220 1473 3.1
220 399 2.5
221 276 1.9
221 364 4.4
221 1232 3.1
221 1333 1.9
221 835 0.2
222 1087 2.1
222 533 1.4
222 604 4.7
223 1150 1.9
223 393 3.7
223 1379 0.2
223 1338 0.8
223 1208 3.6
224 1279 1.1
224 1430 2.7
224 591 0.4
224 337 5.0
224 349 0.6
224 1282 4.6
224 1319 0.0
224 714 2.9
225 1363 2.5
225 712 4.5
225 382 2.5
225 792 1.7
225 408 2.9
225 760 0.9
225 1331 3.7
225 885 0.0
226 1277 0.6
226 250 2.8
226 786 2.7
226 1170 2.2
226 735 2.3
226 443 0.1
227 325 4.9
227 1320 1.0
227 636 0.8
228 628 1.4
228 935 0.7
228 603 4.3
228 744 0.2
228 860 0.3
228 256 0.4
228 597 4.6
229 539 3.1
229 575 0.3
229 1148 1.8
229 239 2.7
229 461 3.1
229 1485 0.2
229 472 0.5
229 972 0.8
230 1329 2.5
230 505 0.9
230 1281 3.1
230 1104 1.6
230 1187 3.9
231 348 0.4
231 647 3.7
231 602 2.3
231 974 3.1
231 719 5.0
231 826 4.4
231 962 4.5
231 804 4.6
231 401 2.7
231 987 1.6
231 443 4.2
232 1254 2.1
232 882 3.4
232 1481 3.8
232 570 0.6
232 1320 4.1
232 1113 3.5
232 434 0.6
233 1384 1.3
233 699 3.3
233 633 3.2
233 1015 1.2
233 941 4.7
234 450 3.6
234 739 2.1
234 1086 1.0
234 1485 1.8
234 990 3.0
234 296 4.8
235 751 1.9
235 814 4.6
235 970 3.3
235 854 4.1
235 1022 1.9
236 1412 1.2
236 985 3.6
236 1212 4.6
236 789 2.1
236 791 4.8
236 865 3.0
237 584 3.4
237 342 0.6
237 1345 0.8
237 685 3.3
238 427 3.2
238 1434 4.2
238 274 4.5
238 290 4.8
238 412 0.2
238 1469 3.2
238 1253 4.3
239 1400 2.8
239 1119 1.3
239 691 0.1
239 1058 1.7
239 392 2.5
239 1365 2.1
239 1071 0.8
240 1288 3.8
240 815 1.9
241 555 3.3
241 1463 4.3
241 713 2.1
242 1362 1.2
242 1376 4.4
242 1337 0.6
242 1045 1.1
242 755 1.4
242 808 3.5
242 1058 4.8
242 846 4.4
243 451 4.1
243 1265 0.5
243 709 3.9
243 420 1.6
244 1170 1.1
244 746 2.9
244 1090 1.4
244 1370 2.7
244 1263 1.6
245 1382 4.6
245 361 0.7
246 487 1.0
246 1153 4.6
246 639 1.8
247 396 2.4
247 1287 2.1
247 529 3.3
247 772 1.6
247 781 4.3
247 571 0.4
247 938 3.7
247 802 4.0
247 904 2.9
247 1270 3.0
248 516 2.4
248 681 4.0
249 714 1.4
249 609 4.7
249 1141 4.8
249 546 3.2
250 405 2.6
250 310 2.7
250 541 4.6
250 1303 3.8
250 599 3.7
250 1349 3.9
250 1354 4.5
251 502 5.0
251 777 2.1
251 669 0.4
251 1130 0.8
251 681 1.9
251 615 1.5
252 1092 3.5
252 1449 2.1
252 674 4.0
252 1383 2.4
252 1032 4.7
252 554 2.7
253 1339 2.1
253 954 4.9
253 439 2.4
253 934 1.8
253 813 4.5
253 1026 4.3
254 1092 2.6
254 955 3.2
255 618 1.0
255 408 2.1
255 481 2.4
255 1100 2.4
255 1264 1.7
255 766 3.8
255 256 0.6
256 767 0.3
256 662 2.8
256 1488 0.3
256 601 4.4
256 943 4.7
257 544 2.7
257 431 3.7
257 463 1.2
257 1272 1.4
257 1420 4.0
257 1122 4.4
257 944 4.2
258 895 4.3
258 1078 2.9
259 420 1.8
259 1342 2.3
259 1492 4.8
259 498 3.1
259 786 0.5
259 1120 3.4
260 775 4.8
260 928 3.3
260 1061 1.7
260 1011 1.8
260 710 2.5
260 1458 0.2
260 1223 3.2
261 755 2.0
261 1117 2.0
261 1496 1.1
261 1259 3.6
262 910 1.0
262 849 1.4
263 501 4.5
263 976 2.3
263 302 4.6
263 288 5.0
264 996 0.1
264 724 1.8
264 1007 4.0
264 476 4.8
264 866 4.8
265 1442 3.0
265 1177 4.4
265 815 0.7
265 580 4.3
265 850 3.8
265 1160 3.9
265 689 4.6
265 1498 1.6
266 561 2.2
266 489 3.2
266 584 0.4
266 767 3.9
266 1184 4.0
266 939 2.8
267 935 1.4
267 929 3.2
267 905 1.7
267 1184 1.4
267 403 2.9
267 1334 2.9
267 734 1.8
268 654 1.7
268 673 0.8
268 516 3.7
268 1229 0.9
269 1168 4.3
269 1305 0.6
269 1195 4.3
269 542 0.2
269 1201 1.0
269 459 1.5
269 1012 1.0
269 816 2.8
270 1464 2.5
270 614 2.6
270 679 2.0
270 1401 2.1
270 337 2.3
270 742 3.5
271 613 4.5
271 1075 4.7
271 1234 2.6
271 1423 3.1
271 776 2.0
271 1332 0.7
271 863 1.2
272 484 1.1
272 1404 4.5
272 713 3.1
272 1293 0.9
272 581 4.4
272 367 2.5
272 771 0.0
273 1407 4.3
273 365 1.6
274 876 1.2
274 559 0.6
274 972 2.8
275 1446 0.1
275 686 4.3
275 472 0.1
275 424 4.4
275 624 3.7
275 685 4.5
276 1411 0.8
276 383 3.8
276 1476 4.1
276 316 2.8
276 951 3.7
277 1492 2.8
277 983 1.8
277 881 1.4
277 1153 2.7
277 563 4.7
277 313 3.7
277 767 2.3
278 845 3.6
278 518 0.4
278 1141 3.6
279 943 4.7
279 470 0.2
279 293 4.9
279 300 0.1
279 736 3.3
279 465 3.1
279 1262 0.8
280 1334 4.4
280 980 0.8
280 758 3.5
280 563 3.9
280 1086 0.9
280 690 0.3
280 963 3.9
280 808 4.9
280 867 0.1
281 336 2.0
281 1139 2.0
281 1164 3.8
281 358 0.8
281 1064 2.3
281 1414 1.7
281 633 3.9
282 1177 0.1
282 450 4.9
283 1445 2.9
283 305 2.1
283 801 3.6
283 1495 0.7
283 1313 1.1
284 418 2.3
284 708 1.9
284 1258 0.1
285 784 2.3
285 965 4.1
285 554 0.8
285 932 3.7
286 423 0.2
286 759 3.6
286 1229 0.7
286 480 2.3
286 412 5.0
286 1271 0.4
286 990 3.8
286 844 3.6
286 352 0.2
287 497 1.1
287 333 2.7
287 785 4.6
287 726 1.7
287 628 4.9
287 533 4.7
287 643 2.4
287 714 1.0
287 505 1.7
288 379 2.6
288 1404 4.0
288 1183 0.3
288 741 1.5
288 377 1.3
288 1413 0.4
289 566 0.9
289 1086 1.9
289 1175 1.5
289 1412 2.6
290 868 2.3
290 621 5.0
290 845 0.1
290 1028 4.1
290 407 0.7
290 1483 2.8
290 1249 2.9
290 1482 4.2
291 1100 0.2
291 1116 0.9
291 867 1.7
291 1306 2.9
292 1304 3.0
292 356 0.8
292 344 4.7
292 946 1.4
292 919 0.3
293 1395 1.1
293 661 3.1
293 1145 1.3
293 1150 3.6
293 1224 1.1
293 553 2.0
294 979 4.8
294 1149 4.9
294 585 3.0
294 941 4.3
294 927 2.6
294 1074 1.7
295 568 4.7
295 490 2.1
295 649 1.8
295 1445 0.2
295 1001 0.1
295 1066 3.1
295 1128 0.1
295 527 4.8
296 602 3.1
296 1434 3.9
296 894 4.9
296 770 3.7
296 1008 0.7
296 933 1.7
297 558 1.7
297 1428 0.1
297 813 2.7
297 1064 4.7
297 1257 2.8
297 1407 0.5
297 477 0.8
298 919 4.9
298 1163 1.2
298 956 2.9
298 1158 2.3
298 1247 4.1
298 1420 4.9
299 985 4.3
299 997 1.5
299 1335 2.6
299 817 1.8
299 1116 3.9
299 376 4.6
300 471 4.4
300 1235 4.3
300 688 4.9
301 748 4.9
301 824 4.2
301 625 0.8
302 522 2.1
302 556 2.9
302 1444 5.0
302 1270 1.4
302 445 1.7
302 989 0.9
302 1132 0.1
302 970 2.3
303 1199 0.7
303 538 0.5
303 551 0.3
304 837 3.2
304 1272 1.2
304 1268 1.8
304 1067 0.2
304 1227 1.1
304 1015 4.7
304 548 0.4
304 326 3.6
304 1136 2.2
304 550 3.4
305 1395 1.1
305 1496 3.4
306 1446 3.4
306 1272 1.6
306 1373 0.9
306 985 0.0
306 1474 2.4
306 415 2.0
306 886 3.4
306 1256 0.3
307 911 2.0
307 575 3.0
307 1238 1.3
308 1279 2.4
308 1246 1.1
308 450 3.3
308 1393 2.1
308 465 5.0
308 674 1.1
309 905 3.4
310 1191 2.0
310 544 1.5
310 366 3.5
310 720 0.9
310 315 4.2
310 1200 4.8
310 646 2.7
311 1000 4.6
311 363 2.6
311 500 3.3
311 444 3.6
311 733 4.9
312 1390 1.9
312 726 0.8
312 1156 2.2
312 1092 0.1
312 348 0.4
312 752 1.5
312 485 3.4
312 1013 1.8
312 1496 3.3
313 1149 3.2
313 590 0.1
313 350 4.8
313 1215 1.8
314 1125 3.4
314 1236 2.8
314 964 3.6
314 1311 0.1
314 1093 1.5
314 1156 1.5
314 1238 2.9
314 481 2.8
315 1341 3.7
315 954 3.0
316 1415 2.2
316 1200 1.6
316 690 1.5
316 323 0.8
316 919 3.5
316 1373 2.0
316 1198 2.4
316 691 2.0
316 874 0.5
316 848 0.4
316 941 4.9
317 755 4.1
317 576 4.3
317 1053 3.8
317 1080 1.7
317 1044 2.5
317 920 1.4
317 1290 4.8
317 1352 3.2
317 418 2.7
318 1137 0.0
318 1121 3.7
318 1236 3.1
318 1181 2.1
318 1251 3.2
318 1472 2.8
318 388 1.5
318 1409 1.2
318 434 2.4
319 919 3.4
319 505 2.8
319 1350 1.6
319 993 1.2
319 1155 1.1
320 938 4.3
320 1429 0.2
320 1393 3.9
320 1098 1.0
320 1261 0.1
321 811 1.0
322 551 2.4
322 346 3.4
322 796 1.0
322 1193 3.8
322 668 3.3
322 359 4.7
323 719 3.1
323 1144 0.0
323 740 0.4
323 843 2.5
323 531 3.8
323 1113 4.8
324 689 0.8
324 1137 1.9
324 1226 5.0
324 481 4.6
325 1360 0.8
325 1239 3.1
325 696 3.5
325 759 2.9
325 347 3.4
325 349 4.0
325 339 2.0
326 515 2.4
326 803 3.2
326 1141 0.2
326 1398 4.6
327 822 0.8
327 764 0.2
327 1121 1.9
327 1010 1.6
327 529 3.5
328 1349 4.1
328 1386 1.1
328 682 3.4
328 1301 4.3
328 737 3.5
328 545 3.3
328 636 3.1
329 788 3.1
329 740 0.1
329 671 3.7
330 1242 3.5
330 393 3.2
330 425 2.1
330 366 0.1
331 1073 3.3
331 1324 3.9
331 908 0.9
331 1416 2.7
331 846 0.6
331 643 3.1
331 666 2.2
332 1152 4.0
332 700 4.9
332 953 2.2
332 675 1.2
332 892 3.3
332 1400 2.4
333 1155 1.2
333 858 3.3
333 415 3.9
333 1276 3.5
333 477 5.0
333 562 4.7
333 1160 0.3
333 1363 3.3
333 611 2.8
334 527 0.8
334 743 4.3
334 1105 0.8
335 710 3.9
335 924 2.4
335 904 0.7
335 1441 2.7
336 704 2.8
336 1128 0.7
336 1308 0.1
336 1351 2.0
336 1443 0.8
337 844 4.8
337 1430 0.5
337 1090 1.5
337 1380 1.1
337 708 0.3
337 702 1.1
338 738 3.5
338 1409 0.3
338 904 3.4
338 960 0.4
339 1388 1.2
339 765 3.2
339 726 3.0
339 795 3.7
340 653 0.9
340 915 4.2
340 1324 3.2
341 440 0.7
341 712 2.9
341 682 3.5
342 599 2.5
342 1229 4.9
342 1123 4.2
342 1461 4.5
342 1354 2.5
342 1249 4.5
342 375 2.0
342 357 2.9
342 658 0.8
342 702 1.9
342 595 3.4
342 453 4.7
342 1452 1.3
342 517 1.3
343 1134 1.4
343 789 2.5
343 990 0.3
344 1476 2.5
344 1151 1.2
344 579 2.0
344 1257 3.1
344 879 2.3
344 1023 1.1
344 604 1.8
344 1047 1.7
344 848 0.6
345 778 4.7
345 1076 2.6
345 924 4.8
345 619 0.3
346 1446 3.9
346 1087 4.1
346 580 3.7
346 1274 0.6
346 561 1.9
346 1311 2.2
347 1233 3.5
347 448 1.9
347 858 4.3
348 1017 3.7
348 354 1.7
349 721 1.1
349 1389 2.3
349 650 5.0
350 1483 2.9
350 883 3.9
350 383 1.2
350 1046 1.8
350 1185 1.3
350 1017 2.2
350 809 3.2
350 1302 0.7
350 835 2.1
350 990 4.9
351 1420 3.0
351 979 3.8
351 544 0.1
351 672 4.1
351 812 2.5
351 443 2.8
351 558 2.3
351 804 2.7
351 362 1.3
352 794 0.6
352 911 2.6
352 377 4.1
352 728 1.4
352 1467 0.6
352 561 4.4
352 721 3.7
352 803 4.0
352 1297 3.7
352 1309 0.8
353 673 0.6
353 1449 2.1
353 1167 3.3
353 1346 2.0
353 716 3.2
354 1075 5.0
354 434 2.5
354 1239 2.9
354 366 1.7
354 1046 4.3
354 1113 1.1
355 554 1.2
355 1016 2.7
355 1122 0.7
355 479 1.5
356 361 2.8
356 802 3.8
357 1330 4.6
357 1469 0.7
357 458 4.1
357 1474 1.3
357 830 4.4
357 559 0.8
358 677 4.7
358 1071 4.9
358 959 4.5
358 697 4.2
358 752 2.6
358 1330 2.6
358 742 4.3
358 842 2.4
359 869 4.4
359 1355 4.8
359 1239 1.0
359 402 3.4
359 482 2.3
359 596 3.9
359 1351 1.9
359 854 3.6
359 364 0.6
359 379 4.9
360 456 1.3
360 724 1.1
360 753 2.4
361 415 2.6
361 877 2.8
361 787 4.2
362 1118 4.2
362 1104 0.2
362 658 0.6
362 706 5.0
362 719 1.7
362 1004 4.3
362 1414 2.4
363 870 2.6
363 1484 3.7
363 792 0.3
363 1139 2.9
364 1047 4.2
364 609 1.8
364 414 0.5
365 758 0.9
365 814 0.9
365 1221 1.9
366 1256 3.7
366 1015 2.7
366 401 4.7
366 515 0.9
366 408 0.2
366 1173 1.4
366 1292 1.0
367 1130 0.1
367 573 0.9
367 951 1.7
367 1169 0.9
367 424 3.4
367 1460 0.6
367 1210 1.1
367 1114 2.5
368 1236 2.6
368 1097 1.9
368 910 4.6
368 1485 2.5
368 959 2.0
368 879 3.0
368 492 2.3
369 388 0.4
369 1467 4.4
369 1463 2.6
369 462 3.9
369 991 2.1
369 938 1.4
369 580 2.8
370 1304 0.3
371 1465 3.5
371 901 3.1
371 1301 1.6
371 1192 1.6
371 925 2.1
372 850 3.1
372 803 2.3
372 658 1.4
372 492 0.3
372 778 2.9
372 1315 1.9
372 586 3.6
372 749 1.9
373 1053 2.0
373 942 3.3
373 783 3.9
373 1443 4.9
373 795 4.5
374 1451 0.4
374 978 0.0
374 1181 2.5
374 558 0.5
374 531 4.3
374 693 4.7
374 888 3.0
375 1290 4.9
375 727 3.4
375 1386 0.8
375 390 4.5
375 381 1.4
375 1113 3.7
375 1470 4.6
375 710 2.6
375 1191 0.6
375 1220 3.4
375 790 4.9
376 1109 2.1
376 846 1.5
376 821 0.3
376 1125 2.7
376 1085 4.3
377 801 5.0
377 1471 1.3
377 631 2.4
377 469 2.6
377 940 0.9
377 1094 1.7
378 493 1.2
378 1444 2.6
378 1248 0.1
378 855 4.7
378 607 0.8
378 810 0.4
379 1108 1.3
379 935 2.8
379 606 4.7
379 1089 1.3
380 785 4.8
380 1351 2.0
380 827 2.8
380 909 1.1
380 448 0.2
380 974 2.2
380 879 2.2
380 1285 3.3
381 1082 0.4
381 895 4.3
381 773 2.8
382 743 3.5
382 823 1.3
382 591 1.2
382 806 1.0
382 1382 4.0
383 604 3.0
383 1416 2.2
383 1042 4.9
383 804 2.4
383 1037 3.9
384 965 1.5
384 573 0.1
384 1419 0.6
384 1457 1.3
384 1297 0.1
384 523 1.2
385 1401 1.9
385 1187 3.5
385 726 3.1
386 841 0.0
386 475 1.2
386 692 3.1
386 1425 3.5
386 813 1.1
387 1079 2.2
387 756 0.8
387 711 3.0
387 523 3.6
387 1418 2.5
387 722 1.7
387 602 2.6
388 602 4.3
389 658 4.6
389 613 4.3
389 457 2.8
389 1205 3.2
389 717 3.8
390 1021 3.6
390 444 0.9
390 968 0.1
390 996 4.9
391 418 0.4
391 1197 3.6
391 521 0.8
391 1053 3.3
391 1044 1.0
391 1196 4.4
391 1499 2.9
391 1374 3.8
392 1131 2.2
392 758 4.0
392 1074 0.2
392 750 0.3
392 603 3.1
393 915 1.4
393 1070 2.2
393 1211 2.3
393 497 1.9
393 487 2.7
393 1061 3.5
394 630 2.4
394 493 2.3
394 712 3.6
394 451 4.5
394 1243 3.8
395 1477 1.3
395 1108 2.6
395 1113 3.0
395 1454 1.8
396 1108 3.1
396 1063 3.9
396 1422 3.9
397 601 2.3
398 943 4.6
399 849 1.5
399 903 1.7
399 621 0.6
399 990 0.2
399 1014 3.2
399 1166 4.7
399 477 3.2
400 846 3.8
400 736 3.1
400 1158 4.5
400 466 4.7
400 900 3.3
400 838 0.4
401 1356 1.7
401 1499 1.9
401 798 2.9
401 1173 0.4
402 1202 1.4
402 1216 0.8
402 890 1.1
403 875 4.5
403 480 2.8
403 1381 0.1
403 909 4.4
403 592 4.6
403 1497 1.3
404 549 4.7
404 837 4.9
404 1466 4.3
405 1489 2.2
405 1090 4.9
405 568 3.1
405 1151 5.0
405 1198 4.1
406 1427 2.3
406 901 3.3
406 867 2.5
406 505 3.5
406 1213 1.2
407 998 4.0
407 867 1.2
407 1168 1.1
407 1187 3.4
407 1087 2.3
408 1109 4.3
408 653 3.8
408 958 3.8
409 1136 2.8
409 1211 0.5
409 1167 0.3
409 1355 3.2
410 1380 3.0
410 1130 0.6
411 649 4.8
411 482 0.2
411 1243 1.5
411 1424 0.7
411 1114 1.6
411 1052 2.4
412 1241 4.4
412 1349 2.7
412 1256 4.9
412 1461 0.8
412 765 3.0
412 815 1.2
412 739 4.1
412 1110 4.5
412 763 3.3
412 415 4.7
412 1336 2.6
413 830 3.4
413 1126 2.7
413 1037 2.6
413 1389 1.3
413 1167 4.1
413 1327 0.1
413 910 0.4
413 561 3.4
414 1227 2.9
414 760 1.0
414 1456 2.8
414 772 0.5
415 1356 4.2
416 1086 4.9
416 489 1.4
416 1278 4.4
416 1242 2.5
416 572 0.9
417 897 1.9
417 1030 3.4
417 1264 2.8
417 680 2.8
417 1393 1.2
418 1156 0.6
418 494 3.3
418 1383 0.7
418 772 3.5
418 503 1.2
418 1466 1.8
418 938 1.8
418 1035 4.6
419 1278 1.3
420 929 4.8
420 1338 2.7
420 831 4.9
421 1283 1.8
421 1154 4.3
421 498 0.4
421 583 2.8
421 1212 4.2
421 838 2.9
421 911 2.7
421 751 3.4
422 1199 4.5
422 817 3.5
422 530 1.7
422 855 2.1
422 1405 0.8
422 1424 0.2
423 1251 0.0
423 1486 4.0
423 799 4.5
423 1111 1.5
424 772 2.3
424 1350 3.1
424 907 0.4
424 1204 1.1
424 1443 4.3
425 910 0.4
425 1308 0.3
425 475 3.3
425 630 4.6
426 1147 1.3
426 548 2.8
426 1361 0.4
426 1164 2.6
426 1339 4.0
426 1191 4.5
426 1239 2.4
427 564 3.3
427 1221 1.9
427 1340 1.3
427 791 2.2
427 765 2.1
428 1336 0.4
428 698 0.7
428 508 4.6
428 750 3.1
428 556 0.3
429 1327 4.9
429 1084 0.1
430 1469 1.5
430 742 3.3
430 1039 1.3
431 1430 0.6
431 703 0.6
431 1162 4.9
431 1459 1.7
431 1340 0.6
431 892 1.9
431 990 1.2
431 713 2.4
432 776 3.3
432 1161 2.4
432 1179 1.4
432 808 1.8
433 627 2.1
433 529 4.2
433 776 4.5
433 783 2.5
433 1494 0.1
433 1309 2.9
434 1131 4.3
434 1206 0.0
434 1475 2.5
434 941 2.8
434 1054 0.2
434 1087 0.1
434 945 0.8
434 1430 3.6
434 1158 4.1
434 967 4.3
435 1401 1.6
435 938 0.3
435 872 4.0
435 1069 0.3
435 1333 1.3
435 1293 4.3
435 473 3.7
436 1345 3.2
436 558 2.0
436 804 4.4
436 1215 2.3
436 447 0.2
437 1058 3.5
437 732 4.3
437 834 2.1
437 515 2.4
437 998 0.6
437 893 1.6
438 1222 3.8
438 1276 1.1
438 1030 4.4
438 1294 1.0
438 1267 4.8
438 1266 0.5
438 1058 3.6
439 860 4.6
439 457 0.1
439 1027 0.6
439 1141 1.2
439 1045 2.4
439 1282 1.3
439 454 4.2
440 763 3.3
440 721 0.9
441 1252 2.6
441 958 3.1
441 975 4.5
442 1020 1.5
442 446 2.6
442 502 2.1
442 1059 0.6
443 1327 4.7
443 1129 2.3
443 1104 3.8
443 690 0.8
443 457 1.3
444 468 1.5
444 701 3.7
444 1213 2.3
444 1089 1.4
445 1037 1.9
445 480 0.0
445 620 1.4
445 792 4.3
445 1025 4.6
445 513 1.7
445 573 1.8
445 1401 3.1
446 844 3.5
446 1048 4.0
446 624 0.6
446 1111 0.2
446 845 2.8
447 1183 2.7
447 1230 3.1
447 1277 3.6
447 461 3.1
447 734 3.5
447 584 3.1
448 922 1.3
448 1382 0.4
448 1201 3.8
448 898 2.5
448 679 4.5
449 1442 3.0
449 1413 0.7
449 1064 3.3
449 1147 1.4
450 1224 4.6
450 1470 1.8
450 667 1.5
450 694 4.1
450 773 4.6
450 587 1.5
451 1279 1.4
451 759 3.8
451 1220 1.3
452 1021 4.9
452 605 2.6
452 1297 4.3
452 1204 4.6
452 699 4.5
452 1048 4.6
452 1454 3.8
453 873 5.0
453 1030 0.7
453 1332 5.0
454 1406 0.6
454 1125 0.8
455 1324 3.1
455 695 4.1
456 518 0.3
456 512 4.6
456 763 0.9
456 631 1.9
457 583 3.7
457 682 3.9
457 1055 1.7
458 751 0.2
458 756 3.4
458 687 4.7
458 881 2.2
458 728 0.8
459 1030 1.9
459 1449 1.4
459 821 4.0
459 836 2.7
461 647 3.3
461 1416 2.1
462 1442 4.4
462 899 1.8
462 1357 4.3
462 897 1.0
462 812 3.8
462 1311 3.6
462 801 2.5
462 1101 4.9
462 1274 2.3
463 761 1.0
463 829 1.5
463 1433 3.2
463 1102 4.4
463 925 0.8
464 936 3.2
464 852 1.0
464 632 0.5
465 963 0.3
465 903 4.6
465 746 2.1
465 1076 1.2
466 797 2.4
466 1173 3.3
466 728 4.8
467 1120 4.2
467 1311 2.2
467 1490 2.1
467 1165 4.8
468 1297 4.7
468 1422 2.4
469 1131 0.6
469 764 1.0
469 1259 0.6
470 1128 2.6
471 1190 0.8
471 1453 3.0
471 1227 4.4
471 933 4.1
471 869 3.4
471 1419 3.6
471 685 2.7
471 992 3.7
471 543 0.9
471 1059 3.4
472 487 2.2
472 964 4.0
472 1070 2.8
472 703 0.1
472 1233 3.7
472 1325 2.8
472 1132 0.3
472 1165 3.9
472 1424 0.9
473 1297 0.7
473 1230 1.4
473 1359 0.4
473 1274 4.3
474 613 2.1
474 1467 3.0
474 524 4.7
474 534 1.0
475 926 0.4
475 1141 1.7
475 659 4.1
475 1105 1.9
475 993 2.2
476 1472 1.7
476 802 1.8
476 561 4.3
476 1293 4.6
476 1431 2.4
477 1184 0.8
477 1382 2.8
478 1024 2.3
478 1053 1.9
478 1015 4.3
478 773 0.9
479 632 0.2
479 1091 2.0
479 1436 1.0
479 1145 0.1
479 767 4.5
479 758 3.0
480 943 1.6
480 1190 3.7
480 731 4.6
480 515 3.8
480 828 4.9
480 695 2.7
480 749 2.2
480 868 2.4
480 568 3.1
480 1216 3.4
480 741 0.0
481 732 3.7
481 987 0.3
481 1451 0.6
481 490 3.9
481 768 2.5
481 754 1.1
481 1018 0.7
481 610 5.0
481 1240 0.8
481 584 3.6
482 559 3.5
482 1188 3.7
482 925 3.5
482 877 1.3
482 671 4.3
483 512 0.0
483 1044 2.4
484 500 1.6
484 1179 3.7
484 1067 0.1
484 573 1.2
484 1413 4.9
484 1199 1.4
484 804 4.6
484 1458 1.8
485 656 1.7
485 861 2.6
485 1387 4.5
485 1225 4.0
485 1350 4.8
485 713 1.9
486 1241 4.8
486 676 3.9
486 654 4.8
486 1271 4.1
486 881 3.3
487 516 2.0
487 1012 0.2
487 1220 4.4
487 1382 2.1
488 1026 1.9
488 851 4.9
488 580 3.0
488 736 1.0
488 693 4.2
488 1449 4.4
488 894 3.2
489 610 0.5
489 1197 3.7
490 1262 1.4
490 1361 3.1
490 727 1.6
490 1298 3.2
490 1117 0.6
491 687 1.2
491 661 3.7
492 932 4.2
492 1111 4.6
492 1360 0.9
492 1499 1.6
492 1491 1.7
492 863 4.1
492 1085 2.6
492 924 0.3
493 565 0.1
493 659 0.8
493 1029 3.3
493 667 4.5
493 858 3.6
494 747 3.9
494 549 4.8
494 922 0.6
494 892 2.6
495 743 0.8
495 818 0.6
495 506 4.2
496 1147 4.4
496 949 1.6
496 769 3.7
496 1293 4.8
496 1442 4.1
496 887 5.0
497 1202 1.3
497 1171 1.0
497 1208 2.7
498 856 0.4
498 860 3.0
498 1449 3.0
498 1047 0.0
499 893 3.7
499 1089 0.0
499 1211 3.3
499 1121 4.7
499 1493 4.2
499 1215 3.1
500 1350 0.9
500 1472 1.3
501 994 0.3
501 932 4.5
501 886 1.6
502 1287 0.7
502 630 3.3
502 1011 1.1
502 1349 1.3
502 770 0.7
502 783 4.3
502 1329 2.2
503 584 1.0
503 723 2.3
503 1436 0.4
503 1020 4.9
503 1129 4.4
503 1058 3.5
503 1249 1.4
504 946 0.9
504 536 2.3
504 959 1.0
504 1495 4.4
505 1296 3.7
505 625 0.2
505 1090 3.8
506 1434 2.8
506 822 1.2
506 1295 0.0
507 837 1.3
507 1079 2.7
507 854 0.0
508 1237 0.8
509 1498 1.7
509 995 3.2
509 1457 2.0
510 1232 1.1
510 1108 2.2
510 1101 2.0
510 542 3.1
510 1292 3.8
510 1224 3.1
511 1381 0.4
511 922 0.8
511 594 0.6
511 832 0.2
511 1460 2.3
512 1302 4.7
512 1210 1.6
512 1347 4.4
512 637 0.4
512 824 4.9
513 967 0.1
513 1491 2.4
513 1333 1.8
513 1041 0.6
514 597 0.6
514 1280 2.1
514 1309 1.9
514 903 1.5
515 617 0.9
515 1198 3.6
515 653 2.2
515 607 4.3
515 1255 1.1
516 602 3.8
516 596 3.9
516 736 2.8
517 1316 3.0
517 1283 1.4
517 764 2.8
518 1270 1.9
518 989 0.5
518 762 4.6
518 736 0.6
519 1498 2.5
519 632 2.2
519 876 0.5
521 1410 3.7
521 792 4.1
521 824 0.4
522 1280 2.9
522 1407 3.0
522 573 0.2
522 869 2.6
523 1468 2.2
523 662 1.2
523 1045 3.4
523 1070 3.2
524 1423 1.7
524 1359 1.5
524 684 3.6
525 1381 1.4
525 1307 2.5
525 863 4.8
525 815 4.6
525 825 4.5
526 554 0.7
526 913 2.2
526 831 3.5
526 1427 0.4
527 561 2.0
527 1251 1.0
527 840 4.0
527 713 4.2
527 685 1.0
527 733 1.7
527 757 3.4
529 564 3.4
529 1071 1.8
529 921 1.9
529 1298 4.3
529 1286 2.6
529 530 3.3
530 1421 1.1
530 770 0.0
530 643 3.6
530 579 4.3
531 641 2.5
531 1368 0.1
531 734 3.0
531 729 0.4
531 761 0.4
532 993 1.4
532 1348 0.8
532 1310 3.8
532 1042 2.2
533 1382 2.9
533 1363 4.4
533 1139 1.5
533 1017 1.4
533 1267 2.1
533 1109 2.1
534 1204 4.3
534 650 1.1
535 1031 4.9
535 732 2.8
536 882 2.7
536 791 3.3
536 1461 1.0
536 717 1.1
536 981 1.7
536 1103 0.3
536 795 1.0
536 1327 0.0
536 650 0.7
537 547 3.6
537 1451 4.0
538 919 2.9
538 1419 1.2
538 675 0.2
539 595 3.8
539 993 4.5
539 1293 3.1
539 1355 1.4
539 1183 4.2
539 795 3.4
539 990 0.4
539 1093 2.8
539 1149 4.2
541 711 4.2
541 878 0.9
541 857 1.3
541 1228 4.4
541 626 4.8
541 958 3.2
541 912 4.2
542 1168 2.8
542 850 0.9
542 1027 2.5
542 607 4.5
543 606 1.9
543 856 2.6
543 633 1.7
543 705 2.5
543 1323 0.9
544 1069 0.9
544 1076 0.1
544 558 3.2
544 566 1.8
544 584 0.0
544 793 4.3
545 629 4.0
545 551 2.0
545 1174 2.9
545 1065 4.2
545 1081 4.5
545 1006 4.4
546 580 0.8
546 703 4.8
546 727 3.6
547 576 2.9
547 1027 0.8
547 1281 0.7
548 1204 1.0
548 1080 2.6
548 1339 1.7
548 1373 2.6
548 590 2.2
548 1326 1.4
549 1467 3.2
549 1239 2.0
549 1443 5.0
549 1478 1.4
549 1425 1.9
550 874 4.7
550 667 0.1
550 553 3.5
551 1426 0.2
551 906 1.8
551 1351 4.0
552 1001 1.5
552 1170 4.8
552 902 3.0
553 1022 3.5
553 1432 0.9
553 635 0.8
553 726 4.5
553 1302 1.4
554 773 2.7
554 1026 0.8
554 1175 1.4
555 788 3.5
555 828 3.5
555 1448 3.9
555 984 3.4
556 1440 3.5
556 1156 0.8
556 721 2.7
556 1150 0.4
556 957 2.9
556 917 3.0
557 1302 3.4
557 811 3.4
557 640 4.3
557 799 4.5
557 784 1.0
557 693 2.5
558 911 2.9
558 1241 0.4
559 881 0.2
560 1084 1.0
560 891 1.1
560 883 0.2
560 628 3.6
561 786 1.3
561 1399 1.6
561 825 1.7
561 684 3.8
561 756 2.2
561 897 4.9
561 1338 4.4
562 1354 2.0
562 1186 4.4
562 1144 2.6
562 1268 2.9
562 1416 1.4
562 677 4.1
562 1149 1.0
562 1008 3.9
563 1290 1.8
563 650 3.6
563 1303 1.2
563 1050 3.8
563 1449 2.2
564 1317 1.0
564 624 0.1
564 980 0.9
564 984 3.6
564 1122 0.3
565 612 0.1
565 953 4.0
565 605 4.8
565 1049 5.0
565 972 3.6
566 1171 0.3
566 837 2.8
566 1484 2.3
567 969 3.9
567 799 1.9
567 783 2.9
568 766 0.8
568 1154 0.1
568 1255 0.2
568 1027 0.0
568 906 0.0
568 1422 1.8
568 979 0.0
568 1271 4.4
568 1390 3.4
569 850 4.4
569 931 4.5
569 1417 4.6
569 1358 0.6
569 780 0.9
569 783 0.9
570 989 0.6
570 1393 1.8
570 1395 0.5
570 1004 2.5
570 821 2.9
570 628 0.5
570 1121 0.0
570 1417 3.5
571 783 1.4
571 598 2.8
571 974 3.8
573 1394 3.1
573 980 5.0
573 1381 0.1
574 997 2.7
575 1117 4.2
575 600 1.1
575 593 2.8
575 1311 3.3
575 591 0.9
575 822 4.5
575 991 3.6
576 975 3.3
576 1153 2.2
576 1080 1.2
576 905 4.3
577 1497 3.6
577 1482 3.4
578 681 1.4
578 834 0.9
579 1350 3.0
579 747 1.6
579 638 1.0
579 816 2.7
581 1221 0.2
581 993 2.8
581 1203 0.7
581 601 1.0
582 618 3.4
582 772 0.2
583 895 1.6
584 1084 1.5
584 1038 3.4
584 756 1.0
585 1494 0.1
585 912 2.0
585 802 3.6
585 1051 1.7
585 782 0.9
586 870 5.0
586 805 1.3
586 1002 0.3
586 1368 4.9
586 1441 2.4
587 1162 3.8
587 1104 3.4
587 871 3.1
587 1164 1.1
589 900 3.5
589 1156 3.7
589 1314 1.7
590 1318 5.0
590 826 1.2
590 1376 4.1
590 1241 2.0
591 1465 3.0
591 937 3.2
591 606 0.8
591 742 0.2
591 729 4.9
592 1343 1.8
592 978 4.2
593 969 4.8
593 1104 4.0
593 1157 2.4
594 858 1.7
594 656 4.2
594 626 0.9
595 1051 1.6
595 1266 0.6
596 1220 1.7
596 889 1.6
596 1094 0.3
596 1082 0.2
596 980 4.0
596 624 4.5
596 1487 3.4
597 1294 1.1
597 1310 1.5
597 1385 4.5
597 951 3.7
597 923 0.1
597 1335 4.1
597 1370 3.6
598 993 2.3
598 762 4.7
598 1017 2.2
598 1464 2.2
598 693 1.5
599 1431 0.2
600 670 3.4
600 1340 0.6
600 1380 2.3
600 1453 4.5
600 1496 3.1
601 1334 1.6
603 1189 0.8
603 1164 4.3
604 1094 0.4
604 633 4.1
604 1209 3.3
604 863 4.4
605 892 2.1
605 1227 2.6
605 687 3.9
605 616 2.5
605 1491 3.3
606 1357 0.4
606 1218 3.1
606 1262 4.5
607 1436 1.6
607 1184 2.4
607 952 4.6
607 1264 0.6
607 664 3.7
608 1265 1.6
608 621 4.2
609 1134 0.0
609 1142 1.4
609 1206 2.3
610 642 1.6
610 1433 4.5
610 827 2.6
610 631 0.7
610 1034 2.6
610 809 1.9
610 630 2.8
611 1462 2.6
611 1393 0.3
611 768 3.1
612 623 1.9
613 1027 0.8
613 1470 1.0
613 1213 2.9
613 1379 1.6
614 895 4.3
614 720 3.1
614 731 3.0
614 1432 4.5
614 812 2.3
614 642 1.8
614 1224 2.3
614 1126 0.6
614 1270 4.6
614 1414 3.3
615 852 4.8
615 1300 4.3
615 1317 3.0
615 794 2.5
615 617 3.9
616 1404 4.6
616 899 4.1
616 927 2.4
616 1040 3.5
616 1391 0.6
616 800 3.2
616 1216 4.4
617 713 4.0
617 1098 4.5
617 1069 3.8
617 918 2.4
617 741 1.3
617 767 2.8
618 1393 4.4
618 1440 0.6
618 912 2.4
618 645 0.9
618 872 4.4
618 1283 4.6
618 1278 0.9
618 898 3.3
619 1484 3.4
619 1033 3.4
619 779 3.4
620 875 0.3
621 1379 2.7
621 957 2.2
621 908 1.6
621 1405 3.4
621 1432 2.4
622 1195 2.0
622 1439 0.7
622 1424 3.7
622 1201 1.1
622 705 1.5
622 813 5.0
622 1292 2.4
623 868 2.5
623 1089 1.4
623 1066 0.1
623 1004 0.8
624 1140 2.1
624 823 0.0
624 877 2.8
625 1160 2.2
625 1369 4.6
626 1202 3.7
626 827 2.0
626 1335 1.2
626 962 2.3
627 918 2.4
627 1204 1.9
627 786 2.7
627 1435 4.5
628 1074 2.5
628 927 2.3
628 672 2.4
628 1398 3.9
629 906 1.5
629 1137 4.9
629 1080 1.9
630 1343 0.5
630 986 1.9
630 1489 0.1
631 1327 2.2
631 1271 4.7
632 917 2.2
632 1248 4.1
632 1477 4.9
633 1383 2.4
633 849 2.4
633 945 4.4
633 1146 4.3
634 1014 1.5
634 994 0.8
635 963 4.2
635 775 1.4
635 885 0.3
635 687 0.0
635 723 4.9
635 1048 4.5
635 767 2.1
636 1395 0.0
636 809 2.5
636 1355 4.8
636 1428 4.7
636 1032 0.6
637 1462 0.7
637 744 4.0
637 1135 1.2
637 950 3.6
637 1331 2.6
638 1290 0.5
638 1151 2.8
638 1188 2.1
638 1474 0.9
638 831 0.4
638 827 1.2
638 952 1.2
639 656 0.2
639 1373 1.7
640 948 1.2
640 1069 0.7
640 1228 3.7
641 1234 1.0
642 1170 4.2
642 756 2.3
642 1476 4.0
643 1023 4.5
643 854 1.4
643 1191 3.2
644 672 1.3
644 1136 0.9
644 793 3.7
644 692 3.8
644 736 0.6
645 763 1.7
645 1093 2.1
645 681 2.0
645 1239 1.0
645 933 5.0
646 922 3.3
646 702 3.2
646 1170 2.5
646 780 2.0
646 884 4.4
646 1396 1.4
647 1342 2.4
647 1083 3.3
647 809 3.3
648 1035 1.8
648 1492 2.4
648 905 3.9
648 926 4.1
649 1185 2.0
649 1465 2.9
649 1052 3.7
650 756 0.6
650 1149 0.9
650 1423 4.9
650 997 0.2
650 1391 2.8
650 872 1.5
651 1078 2.9
651 676 2.2
651 1040 3.7
651 1376 2.2
651 1133 2.3
652 684 1.6
652 1481 3.2
652 1050 1.6
652 1166 3.1
652 819 1.3
652 773 0.2
653 1295 1.3
653 969 2.1
653 1095 1.9
653 1422 3.7
653 745 1.1
653 848 1.8
653 985 1.5
653 791 3.2
654 1195 4.1
654 1274 3.7
655 682 4.5
655 1262 2.6
655 1311 0.9
656 1313 1.4
656 1331 2.4
656 848 2.2
656 774 0.9
656 1083 1.7
656 847 2.2
656 745 4.3
657 845 3.1
657 794 4.9
657 1451 4.3
657 1247 4.2
657 856 2.0
658 825 2.6
658 802 0.7
658 897 4.3
659 946 4.9
659 691 1.8
659 893 3.7
659 1138 4.3
659 1361 4.0
660 734 3.8
660 689 4.3
661 1058 0.1
662 950 4.6
662 951 3.6
662 1181 0.0
662 680 4.1
662 1171 4.6
662 1275 3.6
663 1266 3.2
663 1192 0.8
663 1343 1.8
664 1104 2.0
664 883 2.6
664 709 2.1
664 873 4.1
665 1292 1.4
665 964 2.1
665 1311 1.1
666 809 3.3
666 867 2.2
666 953 3.7
667 1020 1.7
667 918 3.3
667 1326 1.4
667 1441 4.6
668 841 2.3
668 1185 1.2
668 683 0.6
668 1332 0.1
669 1170 0.9
669 890 2.7
669 1177 2.9
670 1398 3.3
670 1205 3.0
670 1273 3.9
670 1092 3.5
671 1142 0.1
671 1444 2.4
671 1464 0.0
671 816 3.4
671 1053 1.6
672 1068 1.5
672 959 0.5
672 1410 1.2
672 885 1.3
673 750 2.3
673 855 0.3
673 1320 2.3
674 1236 4.5
674 1348 4.9
675 1163 0.7
675 1008 2.0
675 1065 0.6
675 1196 4.2
676 1213 3.2
676 1024 1.0
676 783 4.1
676 803 3.7
676 883 3.1
677 818 3.1
677 1284 0.0
677 730 1.0
678 907 4.9
678 1218 3.6
678 840 2.9
678 967 0.2
678 981 2.8
678 1306 2.6
678 1451 3.4
679 1037 3.8
679 720 4.6
680 1233 0.1
680 1102 3.4
681 964 4.7
681 1427 2.8
681 716 2.8
681 972 0.2
682 1452 2.4
682 834 0.0
682 1064 3.7
682 1002 0.9
682 888 0.6
682 903 0.6
682 1218 4.8
683 1048 3.0
683 1168 3.4
683 1403 0.6
684 1211 4.7
684 1472 2.7
684 917 3.0
685 1059 0.9
685 1195 0.2
686 758 0.3
686 1324 3.2
686 1158 2.3
687 1439 0.6
687 1252 1.7
687 1035 0.5
687 1437 2.7
687 810 0.1
687 1214 2.4
688 768 3.6
688 1461 0.7
688 1334 4.3
688 1091 4.9
688 989 1.4
689 904 0.2
689 1402 1.6
690 1397 4.2
691 777 2.8
692 1125 3.1
692 853 3.3
692 1459 4.5
693 1037 3.2
694 1228 3.2
695 795 1.1
695 1198 2.9
695 1253 3.7
695 1180 4.6
696 1162 4.6
696 768 2.3
696 872 2.2
696 1481 2.8
696 1419 2.3
697 879 0.7
698 1005 2.8
698 778 3.0
699 1101 4.2
699 1160 2.9
700 1334 2.7
700 831 4.4
700 1309 3.6
700 1104 4.7
701 885 4.6
701 899 4.5
701 1320 2.2
701 1174 4.1
702 918 0.1
702 1446 0.6
702 735 2.6
702 927 2.0
702 1325 2.0
702 949 0.4
703 1481 1.0
703 878 2.3
704 1079 2.9
704 758 0.4
704 855 0.7
705 1387 1.4
706 1474 4.5
706 1096 4.0
707 985 3.1
708 1242 1.3
709 1367 1.5
709 1108 3.6
710 1443 2.9
710 1098 0.3
710 883 4.8
711 1483 4.7
711 1185 1.0
712 872 3.0
712 1141 1.3
712 1067 0.2
712 1420 0.0
712 1214 0.2
713 1282 1.6
714 1353 1.7
714 1123 3.8
714 1376 4.2
715 957 0.7
715 1238 0.4
715 1313 3.2
715 1002 0.7
716 832 3.2
716 1206 0.4
717 733 4.8
717 920 1.6
718 1342 2.0
718 1308 4.8
718 850 2.6
718 1072 3.2
718 1288 4.8
719 1066 2.9
719 1400 0.3
719 761 1.3
720 928 3.3
720 1246 4.4
720 901 3.3
720 1102 4.9
720 1465 0.4
720 854 1.3
721 1329 4.9
721 1411 4.6
721 904 4.2
722 740 2.2
722 1050 2.5
722 1441 0.8
723 1120 2.1
723 801 0.6
723 847 1.4
723 1443 4.9
724 1326 1.0
724 1281 4.2
724 1282 1.8
724 1455 4.0
724 923 4.0
725 1079 1.0
726 881 3.7
727 829 2.5
727 920 2.4
727 783 4.1
728 1119 2.1
728 1274 3.9
728 934 1.2
728 1349 3.1
729 1141 2.9
729 785 1.6
729 921 0.7
730 775 0.0
730 734 2.5
731 818 1.2
731 957 4.5
731 1454 4.8
732 1440 4.5
733 861 3.0
734 1425 2.4
734 885 4.6
734 1254 3.3
735 1056 3.5
735 881 4.9
735 1473 4.4
735 746 2.5
736 1062 1.7
736 840 0.6
736 1405 4.8
737 1111 4.5
738 1206 1.9
738 1448 1.7
739 1426 4.2
739 1144 1.4
739 966 3.8
739 1053 1.3
740 765 1.6
740 899 2.5
740 1407 3.9
740 801 0.1
740 1335 0.2
740 808 4.9
740 752 2.9
741 1173 3.1
741 1042 3.4
742 1447 1.9
742 1163 4.5
742 1364 1.0
742 1024 2.1
743 1084 0.8
743 999 3.0
743 1406 3.2
744 1093 2.6
744 1347 4.9
745 1430 2.4
745 1010 3.8
745 1482 3.6
746 828 1.3
746 1151 0.9
746 1156 3.6
746 893 2.5
746 1409 1.3
747 951 4.3
747 1004 1.9
747 774 0.6
747 1129 4.5
747 1221 3.3
747 1441 4.6
747 911 0.7
747 887 1.5
748 938 3.8
749 1064 2.4
749 757 3.1
749 1474 3.6
749 848 0.8
750 1267 0.2
750 875 0.7
751 758 3.1
751 1084 1.7
751 1381 1.4
751 894 3.1
751 1424 4.4
751 821 2.0
751 827 0.6
751 755 3.3
752 969 3.6
752 1350 4.8
752 1048 0.2
752 1237 0.6
752 1324 3.3
752 1415 1.6
752 1300 2.5
752 1212 3.6
753 1294 2.0
753 1433 2.8
753 1116 1.5
753 991 1.4
754 1321 2.5
754 1111 0.0
755 1171 0.5
755 981 2.9
756 964 1.7
756 1151 0.7
756 1432 0.1
757 852 2.8
757 934 3.0
758 1282 1.8
758 1141 1.4
758 782 0.4
758 1257 3.5
758 1366 1.2
758 773 4.1
758 1475 3.1
758 761 3.6
759 1321 4.0
760 1282 0.7
760 1463 0.6
760 1253 0.5
760 973 3.0
760 1219 3.9
761 974 3.7
762 1134 2.2
763 1212 2.6
763 1131 4.0
764 814 3.7
764 1408 2.4
764 1287 1.2
764 878 1.1
764 1040 1.2
764 1055 2.7
764 1289 3.7
764 988 4.9
764 1064 1.9
765 1396 2.8
765 838 1.9
765 928 0.3
765 878 0.1
766 1161 2.3
766 1358 0.8
767 1278 3.8
768 1134 1.3
768 1249 2.9
768 1152 4.3
768 980 2.7
769 930 1.9
769 1199 2.3
770 867 0.3
770 1277 1.7
770 991 4.0
771 914 4.7
771 797 1.0
771 1210 1.8
771 1007 2.5
771 829 2.9
772 781 4.4
772 1311 4.1
772 1431 3.2
773 1070 2.1
773 1062 0.5
773 1341 3.9
774 1187 1.8
774 891 3.9
774 1070 2.9
774 1001 4.0
775 1034 3.4
775 784 4.8
775 864 1.2
776 1192 0.4
776 1388 1.9
777 1301 3.4
777 1385 4.6
777 1384 2.7
777 935 2.4
778 979 0.7
778 1211 2.0
779 1025 2.6
779 1373 1.4
779 1493 1.4
780 1110 3.7
780 1319 2.5
781 1342 3.2
781 1443 1.5
781 788 4.1
781 1246 0.4
782 1131 2.8
782 968 3.2
782 1118 2.7
783 1156 3.9
784 903 3.7
784 1284 1.8
784 1341 4.0
785 974 4.4
785 1068 4.3
785 1288 4.9
785 1212 1.8
785 1129 0.8
785 1312 3.1
785 1382 2.7
785 1394 3.7
786 1161 4.3
786 1212 0.8
786 1454 3.4
787 1299 2.3
787 1403 2.3
788 1076 4.3
788 842 3.4
788 1449 2.8
788 1041 1.0
788 1164 3.0
788 1323 2.9
788 806 4.0
789 865 2.8
789 1088 0.4
790 1397 1.1
790 979 0.8
790 981 0.7
790 1472 1.3
791 984 4.8
791 1452 3.0
791 1138 1.7
792 1434 3.3
792 1109 3.9
792 900 1.3
792 1290 2.5
792 1047 3.0
793 1149 3.7
793 1323 0.6
793 1028 0.3
793 1066 3.3
794 1232 4.2
794 1348 0.3
795 1266 0.2
795 1032 0.6
795 1088 4.7
795 1422 1.8
796 1481 3.4
796 1445 0.2
797 814 3.5
797 1412 4.1
798 1071 4.4
798 1117 0.7
799 1309 2.0
799 1353 3.7
799 1137 0.4
800 1053 4.8
800 852 3.8
800 1229 4.7
801 1011 3.2
801 879 4.2
801 1475 3.0
801 1313 0.1
802 850 3.4
802 1272 0.8
802 1189 0.9
802 817 4.8
802 1453 3.1
802 1128 1.1
803 1174 1.5
803 986 4.2
804 900 2.7
805 1223 4.2
805 1467 4.5
806 1068 1.1
806 968 3.0
806 971 4.7
806 1366 4.5
807 1011 1.8
808 1157 2.2
808 1230 3.3
809 1027 2.7
809 937 2.4
809 1120 3.4
809 830 4.6
809 1219 1.9
809 1488 0.4
810 1359 1.4
810 1184 0.6
810 1268 3.8
811 1494 1.0
811 827 2.1
812 1003 1.6
812 1218 0.5
812 1021 1.8
812 1417 4.6
812 1382 1.8
813 1116 4.9
813 1176 0.0
813 1400 3.6
813 1438 4.4
814 1211 1.3
814 1282 1.6
815 920 4.6
815 1442 0.4
815 946 0.2
815 1211 3.0
815 1391 0.7
816 926 0.5
816 1360 4.6
817 1188 3.6
817 1390 0.9
817 1342 1.1
817 1437 1.4
818 1247 2.8
818 1171 3.4
818 1189 2.3
819 898 2.3
819 1240 2.9
819 1434 0.7
819 1436 0.7
819 1153 2.9
820 942 4.1
820 1152 4.6
821 1393 4.0
821 1356 3.2
821 1355 0.4
822 1452 4.6
823 1282 5.0
823 1091 2.5
823 1470 1.2
824 1135 0.8
824 1222 4.6
824 965 1.6
824 1130 4.4
825 1193 4.7
825 1185 5.0
825 1104 1.3
826 1133 1.3
826 1360 0.8
826 1283 2.6
827 959 4.2
828 1415 0.7
828 1454 2.4
829 1167 0.6
830 886 2.6
831 979 3.4
831 1396 1.1
832 1176 1.7
832 930 3.6
832 1252 1.4
832 1482 1.4
832 1414 2.9
832 1222 3.4
832 1465 4.3
833 1221 0.9
833 1068 3.5
834 1382 2.8
834 917 2.3
834 1035 0.0
834 927 3.5
835 1059 4.8
835 1143 0.6
835 1218 3.3
835 1047 4.9
835 1294 1.4
836 1177 3.9
836 1100 2.9
836 1160 4.6
837 914 2.1
837 1368 3.1
837 1136 4.4
837 922 0.7
838 956 3.1
838 1065 4.5
839 962 3.8
839 1039 2.0
839 1189 1.2
840 1170 0.6
840 1237 2.4
841 1353 0.2
841 1068 3.7
841 1340 1.1
841 942 4.9
841 1230 4.5
841 1145 3.9
841 1408 0.1
842 1167 2.4
842 1273 4.5
842 1389 4.2
843 1165 2.7
843 1171 0.1
843 1233 0.7
843 1185 3.1
844 956 3.0
844 1023 1.0
845 1089 1.2
845 1040 0.2
845 1017 3.5
846 984 1.7
846 1200 0.2
846 1108 1.9
846 1362 3.9
846 909 0.2
846 1399 3.5
847 1371 0.6
847 915 2.0
847 1048 0.7
848 1154 5.0
848 1272 1.3
849 1085 4.3
849 1374 3.6
849 1356 3.0
850 982 4.8
851 1182 2.5
851 864 3.1
851 927 1.2
851 911 0.8
852 1280 1.3
852 1036 3.2
852 1039 0.7
852 926 1.8
852 1067 3.9
852 893 4.4
852 915 2.8
853 921 0.3
853 1334 4.9
854 1204 3.2
854 1207 3.9
854 1216 4.1
854 981 0.2
855 1306 3.5
855 1173 2.7
856 997 3.9
856 919 0.6
856 1499 1.2
857 877 2.9
857 923 1.4
858 920 0.2
858 936 0.9
858 1057 3.2
858 1296 4.0
859 893 4.1
859 1342 0.3
859 1387 1.7
859 1150 2.4
859 1154 4.7
860 881 1.8
860 934 0.7
860 1156 2.8
860 1142 3.6
860 894 4.1
860 1285 0.6
860 1362 2.0
861 1335 3.9
861 994 4.1
861 1254 2.2
862 1328 3.2
862 999 2.6
863 1282 4.2
863 1147 4.5
864 1042 3.2
864 1285 4.4
865 996 2.6
865 913 1.3
865 1292 1.0
865 1049 4.4
866 924 1.0
866 1030 4.2
866 1357 0.5
867 1253 2.8
867 1114 3.9
867 883 2.3
867 962 2.5
869 1160 0.2
869 1190 1.1
869 978 0.7
869 1112 1.0
870 1417 1.8
870 926 3.8
870 1192 2.8
870 1111 4.8
870 1226 0.1
871 1117 3.1
871 1248 2.1
871 1027 4.1
871 900 2.6
871 933 5.0
871 960 1.5
872 1426 4.3
872 1455 0.0
872 1437 2.2
873 1204 3.6
873 1076 1.1
873 1118 4.9
873 1229 1.7
874 1408 2.2
875 1267 2.3
875 1479 0.5
875 880 1.1
876 1430 3.5
876 1138 3.7
877 1399 3.3
877 1391 1.4
877 1308 1.9
878 1022 0.6
878 1024 0.6
878 1468 4.7
878 1250 3.3
878 959 1.4
879 1173 2.4
879 1497 0.0
880 894 2.7
880 1269 3.6
880 919 3.8
880 1142 1.2
880 1308 0.5
880 1211 0.8
881 1195 2.5
881 1125 4.4
882 1300 4.9
882 895 3.9
882 1054 0.5
882 963 0.8
882 905 1.5
883 984 2.4
883 1096 0.1
883 1097 4.1
883 1305 3.5
884 1076 3.9
884 1206 2.2
886 1349 1.9
886 1152 3.6
886 1164 3.9
887 889 3.7
887 1491 1.5
887 1094 4.3
887 1330 2.9
887 1415 4.9
887 1372 3.9
888 1198 1.6
888 1269 0.6
888 1118 1.6
888 1411 3.6
889 1019 1.8
889 1371 3.5
889 1028 2.1
889 1345 2.3
889 1239 3.7
890 1421 2.7
891 1462 2.7
891 920 4.7
891 922 4.6
892 1295 1.5
893 1003 0.2
894 910 0.6
894 1072 3.5
895 1008 1.6
895 1002 5.0
897 1098 2.8
897 1010 3.9
897 958 3.0
897 1044 3.7
898 1103 3.8
898 1092 1.9
898 1427 4.1
899 1143 0.6
899 1200 3.8
899 1468 3.2
899 1187 2.6
899 950 1.3
899 1360 0.3
899 1208 0.5
900 1203 1.7
900 1405 1.9
901 1011 2.1
901 1102 1.0
902 1322 2.0
902 1099 0.3
902 1295 3.8
902 1449 3.5
902 1110 3.7
902 1158 4.9
903 947 4.1
903 1168 0.5
903 983 2.5
904 1336 4.1
904 1423 1.5
904 1055 0.9
905 1232 1.2
905 1230 2.5
906 1069 2.6
906 1219 2.7
906 976 1.9
908 1231 4.9
908 1001 3.3
908 1146 1.0
909 1329 1.9
909 1292 0.9
910 1068 4.1
910 1033 1.3
910 988 0.1
910 1227 1.5
910 960 3.2
911 1154 5.0
911 927 4.6
911 1076 1.7
911 1458 0.2
912 1089 3.7
912 1109 0.7
913 1290 0.7
914 1262 2.6
914 1471 3.4
914 1204 1.6
914 1020 4.3
915 1464 4.4
915 975 3.5
915 1140 2.1
915 1479 3.6
917 1172 1.3
917 1459 2.7
917 1234 3.7
917 984 0.4
918 1463 1.9
919 1075 1.9
919 1421 0.5
920 926 4.5
920 1102 1.5
920 1302 5.0
921 1079 4.7
921 1134 2.6
921 1332 0.9
921 1133 4.3
922 987 0.1
922 1321 3.7
923 1235 0.6
923 1297 1.1
923 1496 1.5
924 1061 1.2
924 1255 3.4
925 1274 4.7
926 1369 1.3
926 1417 1.0
926 1106 2.2
927 1481 4.0
928 1448 4.8
928 1290 1.3
929 1353 3.6
929 1467 4.6
929 1260 2.4
930 1222 1.0
931 1206 1.4
931 953 3.7
931 1098 0.1
932 1381 4.5
932 1481 2.8
932 1484 1.8
933 1012 3.6
933 1075 4.9
933 1088 0.7
934 1312 2.5
934 1010 0.7
934 1200 4.8
934 1497 4.7
934 976 1.3
935 1066 4.7
935 959 1.9
936 1312 1.9
937 1100 2.5
938 1411 0.9
938 1125 4.5
938 973 1.7
938 1427 0.2
938 988 4.2
940 1191 4.5
940 1489 1.7
941 1420 4.1
942 1142 0.7
943 999 0.9
944 1192 2.3
945 1237 1.4
945 996 1.5
945 1147 4.6
945 1486 2.8
946 1369 1.2
946 1088 3.9
946 1277 4.1
947 1435 3.5
947 1034 1.3
948 1338 4.5
948 1355 3.1
948 1350 0.4
949 1406 1.6
949 1181 2.1
949 1303 2.0
949 1321 0.2
951 953 2.2
952 1299 0.9
952 1344 4.4
952 1377 0.9
953 993 1.8
953 1088 3.1
953 1291 2.8
955 1004 3.8
955 1148 0.9
955 1235 0.8
956 1041 1.7
956 1252 4.6
957 1290 3.4
957 1227 1.3
958 1230 2.1
958 1298 1.8
959 1372 1.3
959 1256 0.2
959 1049 2.9
960 1441 1.1
961 1470 2.0
961 1292 1.9
961 1174 4.6
961 1051 3.9
962 1223 2.4
962 979 3.9
962 1097 4.7
962 1412 3.6
963 1338 0.9
963 1268 1.6
963 1181 2.5
964 1170 0.5
964 1269 4.8
966 1195 1.6
966 1263 2.8
966 1242 3.1
966 1353 1.0
966 1058 3.8
967 1168 2.6
967 1315 2.2
967 1473 3.7
967 1342 2.1
968 1367 0.5
968 1360 2.4
969 1077 1.5
970 1201 4.4
971 1489 2.4
971 997 3.4
972 1477 4.0
973 1086 0.8
973 1029 1.6
973 1280 4.9
974 1404 0.4
974 1021 3.4
975 1190 3.6
976 1240 3.6
976 1367 2.2
976 1154 4.1
977 1382 2.7
977 1064 2.0
978 1436 4.2
978 1080 1.4
978 1357 1.2
978 1063 1.2
978 1239 1.3
978 1201 0.6
979 1060 1.1
979 1452 0.8
980 1269 1.6
980 1346 1.1
980 1191 0.7
981 1466 1.6
981 1406 3.7
982 1467 2.5
982 1405 0.6
982 1476 1.0
982 1423 2.9
982 1066 4.5
983 1210 3.5
983 1360 0.6
983 1206 3.3
984 1236 0.5
984 994 3.3
985 1239 4.0
985 1111 2.9
986 1129 3.1
987 1481 3.9
987 1316 3.8
987 1245 0.1
988 1459 4.9
988 1408 0.5
989 1239 3.3
989 1312 0.1
989 1196 0.6
989 1489 1.8
989 1106 1.7
990 1067 1.2
990 1351 3.2
990 1194 4.1
991 1381 2.0
991 1296 3.4
991 1169 2.2
992 1176 1.2
992 1136 1.1
992 1456 2.7
993 1336 1.8
993 1296 2.1
993 1232 1.8
994 1275 3.2
995 1051 4.3
996 1440 1.6
996 1467 2.4
997 1435 0.6
998 1125 3.5
998 1401 3.9
998 1092 2.2
998 1033 3.9
999 1187 4.3
999 1075 2.9
999 1111 1.8
1000 1263 2.7
1000 1449 4.3
1002 1496 2.2
1002 1213 0.8
1003 1371 0.8
1003 1302 2.5
1003 1436 0.6
1003 1445 2.7
1004 1376 4.6
1004 1358 4.7
1004 1069 2.2
1005 1198 3.6
1005 1309 3.7
1006 1060 1.1
1007 1117 2.1
1007 1267 1.1
1007 1171 2.8
1008 1406 2.6
1009 1308 1.4
1010 1433 3.6
1010 1017 2.8
1010 1057 1.9
1011 1453 3.4
1012 1417 1.3
1013 1050 4.5
1013 1033 0.8
1013 1055 2.0
1014 1129 2.7
1014 1164 0.2
1014 1085 1.0
1014 1214 1.0
1015 1173 2.9
1016 1206 1.3
1016 1258 1.9
1016 1145 1.5
1017 1277 1.6
1017 1264 0.4
1017 1329 4.6
1018 1162 1.6
1019 1349 2.0
1020 1329 2.7
1021 1455 1.2
1021 1037 3.4
1022 1413 3.1
1022 1117 4.7
1022 1150 2.9
1022 1428 4.1
1023 1251 2.9
1023 1082 4.9
1023 1276 2.3
1026 1035 4.3
1026 1214 2.6
1026 1453 3.6
1026 1226 4.3
1029 1384 4.0
1029 1354 4.8
1030 1316 4.8
1031 1252 2.4
1031 1070 3.4
1031 1138 4.6
1031 1431 4.2
1034 1436 3.2
1035 1360 0.6
1036 1320 3.7
1036 1373 1.7
1036 1385 1.9
1037 1319 4.1
1037 1172 3.7
1038 1358 4.3
1038 1162 2.9
1038 1329 4.2
1038 1249 2.9
1040 1347 4.2
1041 1343 3.9
1041 1214 4.7
1041 1102 0.4
1042 1244 2.5
1043 1267 2.3
1044 1484 0.9
1044 1228 2.2
1044 1090 3.1
1045 1153 4.6
1045 1329 3.2
1046 1371 4.8
1046 1209 2.7
1046 1072 4.8
1047 1297 2.4
1048 1091 4.6
1050 1437 3.1
1050 1142 4.0
1050 1168 4.3
1050 1277 0.1
1050 1279 3.6
1050 1249 2.0
1051 1303 4.0
1051 1107 4.6
1052 1081 2.4
1053 1343 2.1
1053 1400 4.3
1053 1198 3.1
1053 1150 1.2
1054 1388 1.0
1054 1133 4.5
1054 1109 4.3
1056 1421 4.8
1057 1457 1.0
1057 1244 2.8
1058 1166 1.0
1059 1310 2.8
1059 1469 1.5
1060 1475 1.1
1060 1088 3.0
1060 1064 3.9
1061 1291 2.8
1061 1222 0.1
1063 1320 2.0
1063 1338 4.8
1064 1342 2.7
1065 1093 3.5
1066 1244 4.0
1067 1154 0.0
1068 1129 1.4
1069 1442 2.7
1069 1336 2.8
1069 1461 3.3
1070 1421 4.9
1071 1085 0.6
1071 1406 0.6
1072 1398 0.8
1072 1494 4.2
1073 1435 0.8
1073 1456 0.1
1073 1198 1.2
1074 1206 2.2
1074 1357 3.2
1075 1211 2.4
1075 1347 1.4
1075 1341 1.7
1076 1120 4.3
1076 1422 0.4
1077 1394 2.0
1077 1483 4.2
1077 1309 2.0
1077 1199 4.1
1078 1447 2.3
1078 1386 3.9
1079 1154 3.1
1079 1120 1.8
1079 1322 0.6
1080 1086 3.1
1082 1164 4.1
1083 1291 3.1
1083 1163 2.2
1083 1140 0.7
1083 1382 0.1
1084 1227 1.2
1085 1452 1.4
1085 1415 3.5
1085 1448 4.1
1086 1217 2.1
1086 1274 4.0
1086 1195 2.6
1087 1374 4.0
1087 1383 0.4
1087 1378 3.3
1087 1469 1.9
1088 1450 3.6
1088 1459 3.5
1088 1454 4.4
1088 1431 3.8
1088 1296 0.3
1089 1145 2.3
1089 1134 5.0
1089 1107 3.1
1090 1175 1.3
1091 1210 3.7
1091 1349 3.0
1092 1405 3.2
1092 1324 4.7
1094 1402 3.2
1095 1155 3.5
1096 1450 3.1
1097 1322 4.8
1099 1226 1.3
1099 1360 2.4
1100 1104 2.1
1100 1188 0.7
1101 1377 0.8
1101 1306 1.6
1101 1106 4.0
1101 1357 1.8
1101 1292 3.6
1101 1376 2.2
1102 1160 3.9
1102 1261 3.9
1103 1491 3.1
1103 1206 1.2
1105 1363 3.8
1105 1266 4.2
1106 1163 0.4
1107 1240 0.7
1107 1391 0.6
1107 1116 3.7
1107 1362 0.4
1108 1145 0.4
1108 1360 1.3
1109 1351 2.7
1109 1291 2.8
1109 1150 1.5
1109 1487 2.0
1110 1356 2.8
1110 1116 1.1
1111 1261 4.0
1111 1447 4.2
1111 1332 0.5
1111 1474 2.2
1111 1184 0.3
1112 1163 0.3
1112 1206 1.4
1112 1223 1.5
1112 1346 2.4
1113 1371 2.2
1113 1384 2.9
1114 1394 2.5
1114 1161 1.9
1114 1470 1.7
1114 1463 2.3
1115 1430 0.1
1116 1397 2.2
1116 1214 0.4
1116 1305 3.0
1116 1148 3.2
1116 1366 2.5
1117 1487 0.7
1119 1478 4.8
1120 1401 2.1
1121 1237 0.6
1121 1485 1.5
1121 1492 0.2
1122 1180 5.0
1123 1485 2.6
1123 1213 0.9
1124 1409 1.5
1124 1340 0.3
1127 1270 0.7
1127 1240 0.1
1128 1347 1.4
1129 1464 3.3
1130 1256 2.2
1130 1153 2.1
1131 1213 1.1
1131 1434 3.0
1131 1383 2.7
1131 1309 2.1
1131 1330 1.2
1131 1459 0.3
1132 1433 2.4
1133 1227 1.7
1134 1163 2.1
1134 1288 2.6
1136 1189 1.0
1136 1384 3.0
1136 1217 4.6
1137 1253 2.0
1137 1416 3.5
1138 1236 2.5
1138 1456 1.5
1141 1402 5.0
1142 1463 2.4
1143 1459 2.6
1143 1412 4.0
1144 1479 1.6
1145 1268 4.2
1146 1374 2.9
1147 1283 4.2
1147 1497 2.0
1147 1153 3.0
1149 1282 4.4
1151 1297 0.6
1151 1248 1.7
1153 1209 4.6
1154 1498 4.4
1154 1420 0.4
1155 1265 3.2
1156 1411 3.2
1157 1182 2.5
1157 1233 0.2
1157 1161 4.4
1161 1196 0.9
1161 1397 4.1
1161 1446 1.5
1162 1247 2.9
1162 1315 4.2
1163 1482 4.6
1163 1235 1.3
1164 1300 3.0
1164 1395 2.8
1164 1339 4.9
1165 1435 3.2
1167 1286 2.1
1167 1490 3.6
1167 1424 3.4
1170 1470 4.1
1170 1412 2.7
1171 1225 1.4
1172 1423 1.2
1173 1444 2.5
1173 1227 3.6
1174 1447 4.5
1175 1283 1.7
1176 1315 4.1
1176 1312 3.0
1176 1422 2.6
1176 1310 1.7
1176 1439 3.1
1178 1493 2.5
1178 1456 0.0
1179 1265 4.5
1180 1189 4.3
1181 1218 4.4
1181 1460 2.4
1182 1408 0.2
1182 1363 1.4
1183 1416 1.3
1184 1344 2.3
1185 1450 2.3
1187 1400 4.3
1187 1435 0.8
1189 1249 1.5
1189 1293 0.7
1190 1218 4.4
1190 1224 0.6
1191 1427 2.2
1191 1324 2.0
1193 1220 1.7
1195 1367 2.4
1195 1323 2.4
1195 1243 3.7
1196 1381 3.0
1196 1331 4.5
1196 1436 1.1
1197 1215 2.7
1198 1295 2.8
1198 1395 3.5
1199 1206 1.6
1200 1424 4.7
1201 1218 0.9
1201 1212 0.3
1201 1381 3.6
1202 1383 2.6
1202 1439 2.9
1202 1472 4.7
1203 1313 4.9
1204 1243 0.0
1204 1242 2.7
1204 1279 0.1
1205 1422 1.1
1205 1221 0.2
1206 1235 4.8
1207 1357 2.4
1208 1485 3.3
1208 1320 1.6
1209 1275 4.2
1209 1273 3.3
1209 1309 0.4
1210 1304 3.7
1211 1250 1.1
1211 1369 1.8
1211 1371 4.8
1212 1215 2.7
1212 1314 3.9
1213 1363 4.9
1214 1435 0.4
1215 1391 1.9
1215 1314 2.4
1215 1359 0.2
1216 1402 1.9
1216 1308 4.7
1217 1311 4.6
1218 1495 3.5
1218 1407 4.9
1219 1412 1.0
1220 1293 0.7
1221 1455 3.9
1222 1308 0.2
1223 1346 1.7
1224 1387 2.7
1224 1323 4.6
1224 1481 2.8
1224 1316 1.5
1225 1407 3.3
1228 1348 4.5
1229 1380 1.3
1229 1361 4.0
1230 1331 3.9
1231 1390 0.6
1232 1365 3.8
1233 1258 0.3
1233 1443 0.6
1235 1376 2.4
1235 1469 3.1
1235 1386 1.6
1236 1466 0.5
1236 1338 3.6
1236 1486 2.3
1237 1436 4.7
1238 1253 2.5
1238 1460 3.5
1239 1468 3.0
1240 1395 1.3
1242 1272 0.2
1242 1471 0.7
1244 1272 2.3
1246 1326 3.2
1246 1339 4.4
1247 1322 1.5
1247 1402 2.3
1248 1356 1.3
1249 1433 3.9
1251 1457 3.5
1253 1283 0.6
1254 1420 1.3
1254 1376 3.4
1255 1460 3.0
1258 1269 0.0
1260 1419 3.9
1261 1339 4.2
1261 1295 2.8
1262 1298 2.8
1263 1353 0.4
1263 1449 3.3
1265 1424 3.7
1265 1305 1.7
1265 1365 1.0
1266 1486 0.5
1269 1329 3.2
1270 1462 4.2
1272 1345 0.7
1273 1497 1.4
1273 1323 3.3
1273 1464 0.8
1274 1306 2.6
1275 1434 3.6
1276 1346 0.4
1276 1471 4.4
1277 1301 1.4
1277 1339 0.5
1277 1470 2.2
1278 1288 4.0
1278 1283 3.4
1278 1418 1.2
1278 1290 3.2
1279 1443 3.2
1280 1429 1.9
1281 1328 1.6
1282 1496 3.8
1282 1466 2.5
1283 1481 4.7
1283 1464 3.1
1286 1463 3.0
1286 1357 2.0
1287 1410 0.3
1289 1354 2.1
1289 1388 0.3
1291 1492 1.3
1292 1480 0.3
1293 1325 1.2
1294 1456 2.1
1294 1492 2.4
1295 1403 2.5
1306 1429 2.5
1309 1311 1.8
1310 1466 3.7
1311 1405 0.2
1311 1319 4.3
1312 1365 1.4
1315 1494 0.3
1317 1403 3.8
1318 1334 1.2
1319 1436 1.2
1320 1363 3.3
1320 1411 4.4
1320 1446 2.4
1321 1357 0.4
1321 1488 2.5
1322 1481 4.9
1324 1363 2.1
1328 1376 3.0
1329 1420 4.7
1329 1396 4.0
1330 1470 4.5
1331 1448 3.6
1334 1472 1.7
1336 1486 1.0
1336 1375 1.6
1337 1353 0.3
1337 1380 3.9
1338 1455 4.9
1338 1426 4.8
1338 1462 0.9
1339 1442 3.3
1340 1458 3.2
1344 1409 3.3
1348 1448 2.7
1350 1411 2.5
1351 1396 3.1
1352 1361 3.5
1353 1398 2.6
1355 1425 2.6
1357 1368 2.3
1360 1413 1.0
1361 1389 3.4
1369 1471 1.0
1372 1493 2.3
1375 1426 4.7
1377 1478 3.1
1378 1470 0.8
1381 1467 0.5
1381 1469 2.3
1382 1431 3.9
1384 1460 4.8
1384 1436 3.8
1384 1435 3.2
1388 1389 0.2
1390 1481 1.3
1390 1478 2.3
1391 1398 4.1
1393 1448 1.6
1393 1497 3.7
1397 1479 3.3
1403 1452 4.0
1407 1480 4.5
1408 1424 0.3
1411 1465 4.0
1415 1450 0.1
1416 1497 5.0
1418 1469 0.4
1431 1498 0.5
1431 1432 1.3
1433 1496 4.5
1439 1476 4.1
1444 1477 1.7
1447 1477 0.4
1452 1463 2.1
1472 1485 3.7
1484 1489 2.1
1485 1499 2.8
1490 1493 0.4
1